id	height	weight	age	heartRate	passed
1	67	197	32	72	n
2	66	205	44	66	n
3	68	165	44	65	n
4	72	170	40	67	n
5	73	165	37	73	n
6	66	168	35	89	y
7	68	168	35	71	n
8	71	198	35	81	y
9	69	151	35	78	n
10	69	163	32	56	n
11	69	181	42	62	y
12	67	131	37	80	n
13	69	167	38	73	n
14	69	150	32	82	n
15	70	178	30	75	n
16	69	152	30	58	n
17	66	180	25	84	y
18	72	178	27	94	y
19	69	160	35	86	n
20	70	171	37	65	n
21	70	166	29	56	n
22	69	159	31	60	n
23	72	210	29	91	y
24	67	136	35	74	n
25	67	168	34	81	y
26	69	184	37	64	n
27	69	180	27	84	y
28	67	158	26	86	y
29	71	186	30	70	n
30	67	214	32	81	y
31	70	157	37	74	n
32	66	206	34	78	y
33	68	157	38	59	n
34	69	172	29	64	n
35	69	204	33	95	y
36	68	199	27	76	n
37	67	192	38	77	y
38	68	170	41	66	n
39	71	195	35	64	y
40	69	175	28	82	y
41	72	216	38	85	y
42	71	191	42	81	y
43	69	180	34	62	n
44	72	190	35	79	n
45	66	188	32	69	n
46	70	188	40	67	n
47	69	159	30	55	n
48	69	172	33	43	n
49	70	205	18	83	y
50	73	157	36	74	n
51	70	161	36	64	n
52	69	171	35	57	y
53	70	150	34	60	n
54	72	195	39	87	y
55	71	158	29	74	n
56	71	194	39	96	y
57	65	168	30	60	n
58	70	179	35	65	n
59	67	187	41	83	y
60	67	218	36	84	y
61	69	205	29	74	n
62	66	174	49	54	n
63	68	185	33	85	y
64	69	164	44	75	n
65	69	191	35	80	y
66	69	152	30	92	y
67	69	197	38	77	y
68	67	159	36	75	n
69	67	159	35	66	n
70	70	142	45	61	n
71	69	176	35	78	n
72	68	157	47	75	n
73	71	189	34	81	n
74	68	194	40	104	y
75	71	189	34	79	y
76	67	171	31	68	n
77	66	172	27	68	n
78	70	161	34	52	n
79	69	175	40	60	y
80	65	207	44	89	y
81	67	189	36	61	n
82	69	177	40	92	y
83	70	180	38	80	n
84	69	195	31	76	y
85	70	197	35	92	y
86	69	180	41	84	y
87	66	174	35	76	y
88	68	157	35	64	n
89	69	175	32	83	y
90	69	210	38	90	y
91	67	190	34	80	y
92	69	176	32	80	y
93	70	176	45	69	n
94	67	207	35	97	y
95	72	178	35	67	n
96	66	196	32	80	y
97	71	139	28	65	n
98	69	155	29	62	n
99	68	214	35	73	y
100	67	162	37	60	n
101	70	156	40	56	n
102	68	161	34	74	n
103	70	155	37	54	n
104	70	194	39	94	y
105	69	177	37	87	y
106	67	169	50	85	y
107	71	162	34	70	n
108	67	184	40	58	n
109	68	202	36	82	y
110	67	159	39	65	y
111	69	158	45	58	n
112	69	197	38	86	y
113	68	174	40	54	n
114	69	161	38	75	y
115	67	189	43	71	n
116	69	176	36	81	y
117	71	185	29	75	n
118	70	172	31	71	n
119	66	200	24	67	n
120	69	165	38	67	n
121	70	173	37	65	n
122	68	199	39	80	y
123	72	190	35	81	y
124	69	166	31	86	n
125	71	167	37	81	n
126	67	183	38	95	y
127	71	183	48	82	n
128	67	143	35	77	n
129	69	160	40	53	n
130	68	164	39	65	n
131	68	172	38	67	n
132	67	175	44	67	n
133	72	187	30	84	y
134	69	152	34	56	n
135	70	175	26	59	n
136	70	193	38	69	n
137	72	159	38	55	y
138	70	170	44	77	n
139	69	181	35	66	n
140	71	170	27	80	y
141	67	181	35	59	n
142	69	215	30	72	n
143	71	155	36	65	n
144	69	213	39	82	y
145	70	174	34	82	y
146	68	188	39	81	y
147	69	215	43	77	n
148	67	172	33	76	n
149	69	192	30	75	y
150	69	211	29	93	y
151	72	204	36	91	y
152	69	163	36	65	n
153	69	144	36	75	n
154	69	190	35	85	y
155	68	182	28	85	y
156	66	179	42	88	y
157	70	175	33	74	n
158	69	203	35	74	n
159	69	196	35	100	y
160	69	170	44	67	n
161	70	162	33	71	n
162	69	176	38	79	n
163	69	185	34	85	y
164	70	156	41	88	y
165	69	186	37	85	y
166	69	184	47	54	n
167	66	165	36	91	y
168	68	195	40	77	y
169	69	171	49	58	n
170	69	213	40	86	y
171	68	163	42	69	n
172	69	182	30	73	n
173	66	167	35	75	n
174	72	196	36	92	y
175	69	149	30	66	n
176	69	183	39	65	n
177	69	179	53	76	n
178	69	206	33	82	y
179	68	185	35	86	y
180	68	191	38	88	y
181	67	198	32	75	y
182	67	202	45	75	y
183	69	188	36	71	n
184	65	148	36	67	n
185	69	221	40	85	y
186	72	163	37	65	y
187	69	170	36	73	n
188	67	160	30	60	n
189	69	194	30	104	y
190	68	168	35	62	n
191	69	180	36	62	n
192	67	151	40	65	n
193	71	171	45	77	n
194	71	226	28	89	y
195	69	204	39	86	y
196	69	147	32	66	n
197	68	198	33	68	n
198	67	177	33	59	n
199	73	188	35	71	n
200	68	184	22	84	y
201	67	160	35	69	n
202	69	216	32	81	y
203	69	178	48	58	n
204	69	221	28	83	y
205	67	168	30	59	n
206	70	177	46	62	n
207	67	183	40	71	y
208	68	179	27	72	n
209	69	152	41	66	n
210	66	178	40	66	n
211	69	151	29	87	y
212	69	198	42	98	y
213	69	212	45	95	y
214	69	184	29	64	n
215	69	195	40	68	n
216	71	175	36	63	n
217	69	202	35	105	y
218	68	138	26	68	n
219	70	170	35	93	y
220	69	201	53	97	y
221	74	160	35	73	y
222	69	173	35	69	n
223	71	163	30	71	n
224	68	195	37	80	y
225	70	176	37	76	n
226	69	186	27	81	y
227	70	170	40	65	n
228	71	179	40	49	n
229	69	179	35	90	y
230	68	160	39	75	n
231	67	156	35	75	n
232	69	210	41	83	y
233	69	170	25	68	n
234	67	189	25	93	y
235	72	191	26	73	y
236	69	192	36	84	y
237	69	194	29	73	y
238	68	179	31	51	n
239	71	186	31	64	n
240	67	188	35	78	y
241	72	173	32	50	n
242	70	159	35	65	n
243	66	172	34	78	n
244	68	192	49	73	n
245	69	142	30	49	n
246	69	187	25	64	n
247	69	164	35	76	n
248	69	189	37	82	y
249	69	142	38	59	y
250	67	177	46	82	y
251	69	148	38	81	n
252	68	165	43	61	n
253	71	175	29	65	n
254	65	170	35	67	n
255	68	177	39	65	n
256	68	201	33	73	y
257	69	154	35	66	n
258	67	192	37	85	y
259	70	158	34	74	n
260	67	182	42	85	y
261	69	150	38	50	n
262	67	181	45	76	n
263	67	197	34	64	n
264	67	172	42	83	y
265	68	192	36	65	n
266	70	180	35	75	n
267	70	170	36	68	n
268	69	148	33	63	n
269	67	185	38	59	n
270	71	145	39	63	n
271	70	207	33	76	y
272	71	175	42	54	n
273	70	197	47	88	y
274	69	202	41	74	y
275	72	177	44	83	y
276	69	178	31	89	n
277	69	164	31	60	n
278	70	192	35	92	y
279	65	180	34	84	y
280	72	157	45	63	n
281	67	177	25	83	y
282	69	114	35	74	n
283	69	206	46	65	n
284	69	204	33	78	y
285	68	145	35	74	n
286	69	193	45	83	y
287	67	183	33	64	n
288	68	158	36	83	n
289	69	169	31	64	n
290	69	146	39	69	n
291	69	121	31	60	n
292	68	189	39	75	n
293	65	179	33	67	n
294	69	186	46	67	n
295	69	195	47	78	y
296	68	190	40	84	y
297	65	154	47	76	n
298	68	198	45	87	y
299	67	188	35	87	y
300	70	197	32	64	n
301	69	186	33	92	y
302	70	164	39	64	y
303	68	174	36	61	n
304	69	178	35	43	n
305	69	185	36	84	y
306	66	181	30	80	n
307	69	186	45	80	y
308	74	191	31	91	y
309	73	190	29	66	n
310	67	186	35	82	y
311	70	176	32	59	n
312	68	174	42	66	n
313	69	179	33	85	y
314	70	194	38	61	n
315	68	178	38	56	y
316	69	195	42	83	y
317	69	182	32	102	y
318	68	197	39	86	y
319	69	190	47	92	y
320	69	173	32	62	n
321	69	167	27	54	n
322	69	211	37	89	y
323	68	185	36	56	n
324	69	176	39	88	y
325	69	203	28	91	y
326	69	170	26	74	n
327	67	194	39	74	n
328	67	201	36	82	y
329	70	196	29	91	y
330	69	147	30	65	n
331	69	187	23	91	y
332	66	175	29	65	n
333	68	193	35	72	y
334	69	144	36	64	n
335	68	172	39	89	y
336	69	170	30	101	y
337	70	191	38	87	y
338	68	203	35	79	y
339	67	224	31	93	y
340	70	155	29	70	n
341	70	195	52	65	n
342	67	189	36	83	y
343	69	167	25	78	y
344	71	186	25	82	y
345	69	192	40	80	y
346	72	185	40	88	y
347	69	169	32	65	n
348	70	169	38	65	n
349	69	166	39	63	n
350	68	168	44	74	y
351	69	174	35	72	n
352	70	181	31	77	n
353	67	205	41	75	y
354	72	193	22	101	y
355	67	190	39	85	y
356	71	195	34	79	y
357	68	179	25	55	n
358	68	181	42	65	n
359	70	176	38	56	n
360	69	199	27	61	n
361	70	184	33	86	n
362	69	140	39	48	n
363	70	174	34	64	n
364	65	182	46	80	n
365	69	167	37	52	n
366	69	179	26	78	n
367	66	185	33	77	y
368	69	173	34	62	n
369	69	166	35	92	y
370	69	176	33	53	n
371	67	183	28	48	n
372	69	208	38	88	y
373	69	190	27	74	n
374	69	195	44	72	y
375	65	162	29	67	n
376	72	169	37	85	y
377	71	189	17	87	y
378	69	162	37	90	n
379	70	230	37	93	y
380	69	159	35	70	n
381	69	199	39	85	y
382	70	196	37	77	y
383	71	217	32	98	y
384	69	211	30	88	y
385	66	190	37	85	y
386	66	149	39	69	n
387	73	170	39	88	n
388	69	158	35	54	n
389	71	215	38	86	y
390	69	183	35	81	y
391	71	206	34	88	y
392	69	155	41	63	n
393	72	165	29	74	y
394	69	147	33	50	n
395	70	187	46	76	y
396	68	211	39	73	y
397	69	179	25	76	y
398	69	177	32	97	y
399	67	195	33	85	y
400	71	162	40	57	n
401	71	205	39	93	y
402	67	161	29	85	y
403	71	182	38	53	n
404	71	188	34	86	y
405	67	175	35	75	y
406	68	175	35	65	n
407	64	168	34	70	n
408	69	150	33	77	n
409	69	150	31	101	y
410	70	178	46	64	n
411	69	207	28	85	y
412	69	207	30	87	y
413	69	178	30	54	n
414	69	173	35	73	n
415	68	169	37	67	n
416	69	183	38	66	n
417	71	188	32	76	y
418	70	156	33	64	n
419	69	161	38	62	y
420	72	182	42	89	y
421	72	174	46	94	y
422	67	187	36	72	n
423	68	164	35	83	y
424	71	190	32	91	y
425	71	165	44	82	n
426	70	167	35	55	n
427	69	183	38	71	n
428	70	191	28	89	y
429	66	177	33	91	y
430	69	194	45	95	y
431	69	155	43	92	y
432	68	155	35	76	n
433	68	181	26	65	n
434	68	201	43	82	y
435	68	198	42	81	y
436	69	194	40	97	y
437	67	170	42	61	n
438	73	180	41	51	n
439	69	174	38	70	n
440	69	196	41	85	y
441	67	190	35	91	y
442	68	153	27	79	y
443	72	190	37	84	y
444	69	194	33	65	n
445	70	165	36	63	n
446	71	170	28	83	y
447	67	183	34	72	n
448	67	194	42	95	y
449	68	192	30	79	y
450	68	194	36	56	n
451	68	187	37	96	n
452	68	209	47	72	y
453	68	190	25	94	y
454	69	177	40	60	n
455	70	205	35	86	y
456	66	176	38	89	n
457	67	190	40	99	y
458	65	140	27	65	n
459	66	176	27	64	n
460	70	178	42	90	y
461	69	192	32	64	n
462	68	164	37	56	n
463	67	206	36	88	y
464	69	190	43	96	y
465	70	178	28	87	y
466	69	193	35	68	n
467	69	157	45	70	n
468	65	192	27	63	n
469	72	205	32	61	n
470	69	197	34	70	n
471	63	162	31	49	n
472	70	211	28	90	y
473	69	170	32	70	n
474	68	148	34	64	n
475	69	164	23	66	n
476	67	205	27	99	y
477	69	167	42	88	y
478	70	163	29	67	n
479	73	187	28	84	y
480	70	172	29	85	y
481	69	205	37	88	y
482	68	191	41	93	y
483	69	190	35	95	y
484	67	158	33	60	n
485	69	233	36	95	y
486	73	178	32	84	y
487	69	190	27	89	y
488	68	161	41	69	n
489	66	172	34	71	y
490	69	164	39	78	n
491	66	179	35	103	y
492	69	166	36	64	n
493	73	175	31	56	n
494	69	166	36	66	n
495	69	176	39	74	y
496	70	208	35	89	y
497	66	161	31	64	n
498	65	195	35	90	n
499	69	160	38	62	n
500	71	172	43	50	n
501	69	183	25	67	n
502	66	184	35	86	y
503	72	195	45	88	y
504	70	173	39	47	n
505	70	180	42	81	y
506	67	182	31	94	y
507	69	201	35	64	n
508	69	179	52	62	n
509	69	171	35	58	n
510	70	196	43	79	n
511	70	180	32	77	y
512	67	190	21	73	y
513	69	208	26	78	y
514	70	169	33	60	n
515	68	202	25	79	n
516	71	163	33	57	n
517	70	199	28	85	y
518	70	175	40	76	y
519	68	170	45	65	n
520	70	169	34	67	n
521	69	155	47	64	y
522	67	151	40	66	n
523	70	188	35	66	n
524	69	193	39	85	y
525	68	185	39	70	n
526	69	219	32	81	y
527	72	150	40	72	n
528	68	192	35	79	y
529	70	180	32	65	n
530	70	191	33	82	y
531	69	167	35	57	n
532	68	146	37	56	n
533	70	232	39	88	y
534	66	224	39	85	y
535	68	213	42	75	y
536	69	170	36	57	n
537	67	212	41	74	y
538	69	166	39	74	n
539	69	191	31	98	y
540	68	193	38	67	n
541	69	192	32	100	y
542	68	213	45	91	y
543	73	192	35	85	y
544	69	206	36	100	y
545	67	198	35	76	y
546	72	172	40	67	n
547	70	161	39	75	n
548	68	174	39	76	y
549	67	196	33	64	n
550	69	192	37	81	y
551	69	175	33	88	y
552	70	196	32	76	y
553	69	151	23	62	n
554	69	197	39	81	y
555	71	173	37	100	y
556	71	163	37	65	n
557	70	184	37	80	y
558	69	172	53	79	n
559	67	161	42	69	n
560	66	179	38	91	y
561	69	205	35	82	y
562	69	191	35	79	y
563	72	218	35	88	n
564	70	163	29	80	n
565	69	197	43	85	y
566	69	173	27	88	y
567	69	187	33	85	y
568	69	167	46	81	n
569	70	178	42	87	n
570	70	162	31	56	n
571	69	174	38	84	y
572	71	197	35	76	y
573	73	156	43	54	n
574	69	142	36	66	y
575	67	174	40	83	y
576	71	184	31	80	y
577	69	167	26	66	n
578	70	185	32	76	y
579	66	164	35	65	n
580	69	188	32	69	n
581	71	206	38	60	n
582	69	192	48	81	y
583	69	169	31	87	y
584	71	157	52	49	n
585	70	188	37	65	n
586	69	143	29	68	n
587	70	181	44	66	y
588	66	175	24	70	y
589	69	198	41	79	y
590	69	196	35	91	y
591	69	182	33	66	n
592	65	191	37	85	y
593	71	166	41	77	y
594	72	160	39	66	n
595	69	166	37	45	n
596	69	193	35	55	n
597	67	194	33	82	y
598	70	156	35	61	n
599	69	195	37	72	y
600	70	165	29	57	n
601	72	190	35	102	y
602	69	144	38	54	n
603	69	180	31	86	y
604	67	166	31	81	y
605	70	164	24	63	n
606	68	192	39	98	y
607	71	209	26	83	y
608	70	147	34	71	n
609	69	191	38	73	y
610	69	162	39	63	n
611	67	174	24	58	n
612	69	152	26	56	y
613	66	218	33	77	y
614	69	167	21	76	n
615	69	154	35	58	n
616	69	202	37	90	y
617	68	201	42	86	y
618	71	175	41	58	n
619	70	182	32	78	y
620	68	210	37	72	y
621	71	172	33	48	n
622	69	186	34	89	y
623	66	189	37	81	y
624	69	177	31	95	y
625	68	157	31	76	n
626	73	186	34	76	y
627	67	161	33	69	n
628	69	213	39	80	y
629	70	194	29	84	y
630	67	169	35	56	n
631	71	168	29	74	n
632	67	173	37	62	n
633	71	177	36	67	n
634	68	162	20	83	y
635	70	199	42	77	y
636	69	204	32	81	y
637	70	194	41	83	y
638	70	203	37	59	n
639	70	197	29	82	y
640	71	171	44	65	n
641	64	196	35	78	y
642	66	166	37	86	y
643	69	197	32	83	y
644	69	174	43	88	y
645	69	220	48	83	y
646	73	164	37	72	y
647	72	197	40	76	y
648	69	221	35	72	n
649	69	179	29	77	y
650	72	180	39	90	n
651	69	199	26	77	y
652	67	158	27	76	n
653	70	168	38	91	y
654	70	190	44	82	y
655	69	203	51	87	y
656	70	177	35	62	n
657	66	151	42	72	n
658	67	178	35	77	n
659	72	191	28	81	y
660	69	164	39	61	n
661	68	203	47	88	y
662	70	201	21	63	n
663	67	168	40	72	y
664	68	176	33	71	n
665	67	166	32	52	n
666	69	169	23	60	n
667	69	208	37	80	y
668	68	213	42	57	n
669	68	173	33	53	n
670	70	166	40	59	n
671	71	141	35	61	n
672	70	218	38	84	y
673	69	190	30	78	y
674	70	170	39	63	n
675	71	170	43	84	y
676	69	172	35	74	n
677	69	175	34	52	n
678	69	170	35	69	n
679	69	163	27	79	n
680	69	177	22	83	y
681	69	186	42	69	n
682	69	157	33	50	n
683	70	186	32	80	y
684	69	188	35	62	n
685	69	160	45	83	y
686	68	170	35	65	n
687	69	177	32	73	n
688	71	157	34	61	n
689	69	189	36	79	n
690	67	170	33	61	n
691	69	138	32	63	n
692	69	192	26	93	y
693	70	201	31	91	n
694	69	175	39	62	n
695	70	175	44	53	n
696	69	180	22	81	y
697	69	166	29	65	n
698	70	165	45	59	n
699	69	149	29	81	y
700	69	170	36	81	y
701	69	198	36	66	y
702	69	207	27	93	y
703	69	173	34	75	y
704	67	162	30	60	n
705	69	177	34	76	y
706	70	128	36	64	n
707	68	176	37	83	y
708	68	176	40	85	y
709	66	201	40	99	y
710	68	213	29	87	y
711	68	178	35	60	n
712	67	186	44	84	y
713	68	188	33	64	n
714	69	175	35	74	y
715	68	176	27	59	n
716	69	205	38	83	y
717	69	192	33	70	n
718	71	180	23	61	n
719	69	199	28	87	y
720	68	178	41	65	n
721	70	187	34	102	y
722	68	187	45	68	n
723	69	200	37	93	y
724	71	198	33	69	n
725	70	140	32	63	n
726	70	189	28	78	y
727	69	184	35	83	y
728	70	177	30	87	y
729	70	221	38	90	y
730	69	190	41	96	n
731	67	176	29	73	n
732	69	172	33	65	n
733	69	199	35	76	y
734	69	183	33	79	y
735	72	147	35	71	n
736	73	178	39	91	y
737	68	184	40	65	y
738	69	166	14	107	n
739	71	241	31	70	y
740	70	167	35	58	n
741	68	186	36	55	n
742	71	156	40	58	n
743	72	151	31	75	n
744	68	190	33	81	y
745	70	184	27	55	n
746	68	199	37	78	y
747	66	190	27	75	y
748	69	181	36	85	y
749	72	172	37	68	n
750	69	190	37	92	y
751	72	189	29	74	y
752	67	201	34	79	y
753	66	163	28	62	n
754	70	213	28	88	y
755	67	202	33	75	y
756	69	184	45	95	y
757	68	153	32	49	n
758	73	171	27	54	n
759	72	208	32	92	y
760	69	162	33	65	n
761	70	194	35	79	y
762	68	205	36	83	y
763	72	194	34	85	y
764	74	195	32	79	y
765	68	189	28	67	n
766	69	156	39	73	n
767	68	176	35	60	n
768	68	154	31	54	n
769	69	166	41	79	n
770	67	193	39	91	y
771	68	216	34	83	y
772	70	201	31	69	y
773	69	174	45	66	n
774	73	192	35	79	y
775	68	177	34	89	y
776	69	191	39	93	y
777	65	192	37	66	y
778	70	185	33	85	y
779	69	192	43	81	y
780	68	198	41	81	y
781	68	170	35	50	n
782	69	163	27	60	y
783	70	163	33	81	n
784	69	214	31	83	y
785	69	161	30	82	y
786	68	164	38	73	n
787	69	151	41	73	n
788	71	170	36	63	n
789	71	171	29	65	n
790	69	192	31	82	y
791	71	191	38	86	y
792	69	174	29	66	n
793	70	185	38	89	y
794	69	194	40	61	n
795	68	153	47	68	n
796	72	163	30	59	n
797	66	197	37	85	y
798	70	178	30	81	y
799	72	158	44	67	n
800	69	153	40	65	n
801	69	176	24	64	n
802	71	178	32	76	n
803	72	173	35	57	n
804	68	190	35	85	y
805	69	201	39	85	y
806	69	213	35	68	y
807	68	187	50	69	n
808	70	163	40	63	n
809	69	166	31	55	n
810	69	190	27	79	y
811	68	173	34	56	n
812	66	151	38	66	n
813	72	162	31	62	n
814	72	168	35	65	n
815	69	207	34	86	y
816	69	174	36	85	y
817	69	147	34	54	y
818	69	187	40	85	y
819	67	184	31	77	y
820	66	214	30	89	y
821	68	166	35	82	y
822	71	174	34	72	n
823	72	145	37	70	n
824	70	180	42	85	y
825	69	189	31	78	y
826	69	221	32	69	y
827	72	188	39	58	n
828	69	201	26	78	y
829	68	192	35	82	y
830	67	144	44	48	n
831	71	205	32	80	y
832	69	156	41	55	n
833	69	199	35	81	y
834	69	158	28	67	n
835	68	170	19	81	y
836	69	211	39	82	y
837	69	190	25	85	y
838	69	184	26	78	y
839	67	176	30	57	n
840	68	167	46	69	n
841	70	191	42	67	y
842	69	192	35	70	n
843	70	164	45	85	y
844	69	206	30	76	y
845	70	172	36	101	y
846	69	164	39	67	y
847	69	172	36	68	n
848	69	196	45	83	y
849	68	182	30	74	y
850	68	193	35	48	n
851	68	173	54	53	n
852	68	184	32	59	n
853	69	156	26	60	n
854	67	195	35	94	n
855	74	198	33	97	y
856	70	170	35	77	n
857	70	191	39	82	y
858	68	165	31	64	n
859	68	190	38	69	y
860	68	166	37	68	n
861	70	198	39	67	n
862	68	210	36	84	y
863	68	174	24	65	n
864	68	168	39	80	n
865	68	158	43	75	n
866	71	196	36	75	y
867	65	160	37	72	n
868	70	186	25	90	y
869	69	157	35	65	n
870	69	187	40	74	y
871	69	164	35	65	n
872	70	172	39	65	n
873	67	188	45	82	y
874	70	200	36	50	n
875	69	183	28	65	n
876	66	157	24	76	n
877	68	181	35	63	n
878	66	166	44	85	y
879	70	171	29	53	n
880	69	155	32	75	n
881	70	172	38	67	n
882	71	169	40	59	n
883	71	191	26	82	y
884	70	189	35	95	y
885	68	200	41	94	y
886	69	167	34	69	n
887	68	189	21	75	y
888	69	177	40	82	y
889	69	194	39	94	y
890	62	172	31	110	y
891	74	141	40	65	n
892	64	184	40	89	y
893	70	171	34	59	n
894	72	190	30	86	y
895	69	168	34	73	n
896	68	189	35	57	n
897	69	173	30	80	n
898	69	201	27	86	y
899	70	194	33	74	y
900	70	203	27	85	y
901	69	211	33	79	y
902	69	195	35	78	y
903	70	175	35	81	y
904	73	180	26	85	y
905	65	163	45	49	n
906	70	172	43	65	n
907	71	145	32	73	n
908	67	212	25	97	y
909	68	169	32	72	n
910	68	201	36	94	y
911	71	193	38	82	n
912	69	146	31	53	n
913	69	220	28	85	y
914	69	153	40	65	n
915	67	183	30	57	n
916	69	183	37	65	n
917	71	153	36	69	n
918	68	184	40	99	n
919	67	156	36	78	n
920	68	224	23	85	n
921	71	175	36	59	n
922	68	170	37	66	y
923	72	175	34	81	y
924	70	157	39	63	n
925	69	195	31	75	y
926	68	154	30	71	n
927	72	180	39	93	y
928	69	183	36	63	n
929	70	191	26	73	n
930	74	174	35	65	n
931	69	165	40	65	n
932	70	149	34	59	n
933	72	203	31	84	y
934	69	169	26	85	y
935	67	168	35	69	n
936	70	208	32	85	y
937	69	182	40	65	n
938	69	177	35	65	n
939	70	170	35	65	n
940	67	193	37	55	n
941	70	196	43	107	y
942	65	175	31	65	n
943	67	180	35	66	n
944	69	178	35	59	n
945	74	159	26	68	n
946	71	172	40	56	n
947	68	155	39	65	n
948	69	155	37	50	n
949	65	173	22	60	n
950	71	180	45	81	y
951	70	191	35	83	y
952	68	179	39	65	n
953	70	184	39	70	n
954	68	200	35	94	y
955	67	179	28	65	n
956	69	197	39	78	y
957	70	162	36	65	n
958	73	172	27	67	n
959	72	190	30	81	y
960	69	195	36	94	y
961	69	153	38	68	n
962	69	165	31	65	n
963	70	174	37	87	y
964	70	190	26	81	y
965	65	169	31	87	y
966	71	179	31	91	y
967	70	191	37	74	y
968	68	158	32	83	y
969	69	167	35	65	n
970	68	170	39	74	n
971	70	147	36	62	n
972	68	199	49	93	y
973	69	195	35	99	y
974	65	171	28	91	y
975	66	160	34	63	n
976	68	207	34	85	y
977	69	191	34	75	y
978	70	186	32	68	n
979	72	199	29	69	n
980	68	171	36	55	n
981	69	216	32	97	y
982	68	158	36	62	n
983	72	212	34	82	y
984	70	158	34	103	y
985	69	193	35	89	y
986	70	183	34	92	y
987	71	170	24	65	n
988	69	154	35	66	n
989	69	163	40	66	n
990	69	147	41	76	n
991	68	173	34	75	n
992	69	190	31	86	y
993	71	176	37	82	y
994	67	203	34	92	n
995	68	184	37	89	y
996	67	178	28	82	y
997	67	202	37	70	y
998	69	169	43	57	n
999	67	170	36	88	y
1000	69	171	35	60	n
1001	71	191	37	80	y
1002	69	164	32	75	y
1003	66	168	22	61	n
1004	69	201	39	63	n
1005	66	173	35	59	n
1006	70	170	31	75	n
1007	69	160	33	87	n
1008	69	179	38	66	y
1009	70	236	27	90	y
1010	70	201	35	81	n
1011	66	200	35	83	y
1012	70	171	34	91	y
1013	71	167	41	87	y
1014	71	208	35	85	y
1015	70	184	48	85	y
1016	69	217	35	84	y
1017	68	180	34	64	n
1018	71	180	35	64	n
1019	68	206	40	86	y
1020	67	181	31	91	y
1021	67	188	37	88	y
1022	69	216	41	93	y
1023	69	186	32	84	n
1024	69	190	35	86	n
1025	66	177	35	58	n
1026	69	185	43	68	n
1027	66	236	41	91	y
1028	69	198	44	80	y
1029	69	175	43	86	y
1030	71	175	28	62	n
1031	68	195	31	85	y
1032	70	185	41	86	y
1033	69	163	34	58	n
1034	71	168	19	72	n
1035	72	194	43	64	n
1036	69	197	34	60	n
1037	68	174	45	85	y
1038	68	195	47	85	y
1039	69	190	38	84	y
1040	70	221	25	91	y
1041	67	158	38	75	n
1042	69	183	28	81	y
1043	68	136	31	62	n
1044	69	198	38	77	y
1045	70	180	43	89	y
1046	69	175	37	74	n
1047	75	188	33	91	y
1048	71	153	29	42	n
1049	67	161	33	72	n
1050	69	204	37	74	y
1051	71	155	35	70	n
1052	72	170	46	61	n
1053	71	210	41	81	n
1054	68	175	40	80	y
1055	69	197	34	82	y
1056	69	179	35	71	n
1057	67	165	34	75	n
1058	67	211	28	93	y
1059	72	196	37	93	y
1060	70	161	37	65	n
1061	69	184	32	79	y
1062	68	160	48	83	y
1063	68	208	29	78	y
1064	69	182	30	89	y
1065	69	188	46	68	y
1066	70	193	29	63	n
1067	68	172	32	72	n
1068	71	188	35	73	y
1069	70	194	37	90	y
1070	71	193	45	82	y
1071	69	173	38	64	n
1072	69	196	43	89	y
1073	69	179	35	87	y
1074	69	186	33	85	y
1075	69	186	40	67	n
1076	68	170	43	60	n
1077	69	170	42	58	n
1078	69	180	35	95	y
1079	66	163	38	65	n
1080	69	191	35	82	y
1081	71	201	37	84	n
1082	71	185	24	78	y
1083	70	189	34	87	y
1084	70	170	43	54	n
1085	71	209	30	73	y
1086	68	201	32	76	y
1087	65	168	39	72	n
1088	69	200	40	94	y
1089	69	176	28	57	n
1090	69	153	44	57	n
1091	69	187	31	97	y
1092	70	183	38	87	y
1093	69	191	35	60	n
1094	67	189	38	65	n
1095	68	190	36	93	y
1096	69	170	32	75	n
1097	68	194	26	93	y
1098	67	220	30	82	y
1099	70	176	42	69	n
1100	71	202	40	88	y
1101	67	179	33	84	y
1102	69	151	34	68	n
1103	69	162	27	85	n
1104	69	183	34	83	y
1105	69	186	35	85	y
1106	68	178	33	82	y
1107	70	163	42	72	n
1108	68	150	25	77	n
1109	72	169	36	73	n
1110	69	194	30	65	n
1111	71	187	32	87	y
1112	71	187	34	82	y
1113	69	201	33	78	y
1114	67	197	23	87	n
1115	69	170	40	59	n
1116	70	168	27	67	n
1117	70	169	40	52	n
1118	67	163	38	59	n
1119	68	168	40	58	n
1120	69	202	31	75	y
1121	70	183	43	69	n
1122	70	190	40	52	n
1123	71	190	36	84	y
1124	68	169	39	67	n
1125	68	206	50	91	y
1126	69	194	51	92	y
1127	69	186	39	87	y
1128	69	197	33	99	y
1129	69	194	39	83	n
1130	66	165	38	50	n
1131	71	154	45	67	n
1132	70	178	35	56	n
1133	68	185	35	55	y
1134	72	174	39	63	n
1135	69	149	29	49	n
1136	69	198	39	81	y
1137	69	177	40	90	y
1138	69	198	36	77	y
1139	71	145	41	56	n
1140	67	169	35	84	y
1141	68	196	39	89	y
1142	73	212	30	84	y
1143	69	152	30	70	n
1144	70	194	32	87	y
1145	72	153	38	66	n
1146	68	161	35	97	y
1147	64	167	38	61	n
1148	73	175	45	64	n
1149	69	196	35	102	y
1150	69	158	44	65	n
1151	68	148	39	48	n
1152	72	169	27	65	n
1153	69	164	35	78	n
1154	69	195	34	61	n
1155	69	201	29	92	y
1156	69	203	40	91	n
1157	69	172	31	69	n
1158	65	186	35	79	y
1159	69	188	36	90	y
1160	70	176	24	67	n
1161	69	209	30	85	y
1162	71	151	36	71	n
1163	69	189	35	68	n
1164	67	163	21	86	y
1165	69	160	31	57	n
1166	70	184	42	105	y
1167	67	168	24	69	n
1168	69	194	39	90	y
1169	69	158	33	66	n
1170	68	190	38	87	y
1171	69	183	42	64	n
1172	69	191	30	94	y
1173	69	173	35	80	y
1174	67	169	35	65	n
1175	68	186	45	85	y
1176	70	180	35	47	n
1177	68	197	46	82	y
1178	73	201	29	84	y
1179	71	174	27	75	n
1180	70	192	40	66	n
1181	71	171	29	88	y
1182	69	222	31	80	y
1183	71	193	47	73	y
1184	70	220	35	79	y
1185	65	173	36	62	n
1186	66	162	29	62	n
1187	69	179	35	86	y
1188	70	194	37	83	n
1189	70	203	26	88	y
1190	68	196	43	71	n
1191	71	185	38	85	y
1192	69	191	27	87	y
1193	69	189	32	85	y
1194	69	194	41	75	n
1195	70	168	26	73	n
1196	70	184	32	81	y
1197	69	151	54	53	n
1198	69	177	40	65	n
1199	70	169	29	65	n
1200	65	168	35	67	n
1201	69	208	37	87	y
1202	69	182	31	86	y
1203	69	159	37	62	n
1204	68	173	30	58	n
1205	69	223	38	83	y
1206	67	202	43	99	y
1207	70	189	29	85	y
1208	67	186	28	61	n
1209	69	182	29	57	n
1210	69	195	39	56	n
1211	66	172	37	62	n
1212	69	179	31	79	y
1213	69	168	35	69	n
1214	69	176	37	86	y
1215	67	209	38	86	y
1216	69	170	32	50	n
1217	72	175	37	61	n
1218	73	183	42	64	n
1219	69	150	38	55	n
1220	69	208	32	88	y
1221	72	171	26	62	n
1222	70	159	29	80	n
1223	70	159	38	66	n
1224	69	167	27	88	y
1225	69	174	32	82	n
1226	73	203	42	93	y
1227	69	198	31	67	n
1228	70	126	33	75	n
1229	68	148	38	56	n
1230	68	170	38	56	n
1231	69	205	33	79	y
1232	68	190	29	78	y
1233	68	161	45	63	n
1234	68	157	29	63	y
1235	68	197	31	102	y
1236	71	157	43	67	n
1237	69	164	27	66	n
1238	69	172	41	60	n
1239	69	161	30	65	n
1240	69	208	34	89	y
1241	65	170	36	57	n
1242	68	210	44	91	y
1243	70	175	39	70	n
1244	69	207	36	67	n
1245	69	209	35	86	y
1246	71	180	41	85	y
1247	70	200	24	86	y
1248	70	206	31	84	n
1249	68	180	28	54	y
1250	69	190	35	85	y
1251	69	188	36	102	y
1252	69	198	41	96	y
1253	70	170	37	73	n
1254	69	198	35	94	y
1255	69	204	41	77	y
1256	68	210	43	94	y
1257	69	182	36	78	y
1258	71	163	43	75	n
1259	70	170	30	61	n
1260	65	192	39	76	y
1261	69	211	35	85	y
1262	69	187	34	82	y
1263	69	160	35	62	n
1264	69	184	34	56	n
1265	71	187	25	47	n
1266	69	180	27	70	y
1267	67	173	33	64	n
1268	66	146	23	59	n
1269	69	181	33	87	y
1270	71	181	20	65	n
1271	69	183	40	88	y
1272	71	180	35	65	n
1273	68	169	22	64	n
1274	68	203	26	97	y
1275	68	173	43	61	n
1276	67	196	40	74	y
1277	68	192	43	81	y
1278	68	157	37	73	n
1279	69	185	37	82	y
1280	68	189	37	76	y
1281	72	194	38	70	y
1282	69	175	45	73	n
1283	69	114	34	86	n
1284	69	162	40	64	n
1285	67	167	35	73	n
1286	70	186	36	79	y
1287	69	182	30	70	n
1288	70	190	31	82	y
1289	69	190	35	102	y
1290	71	155	32	66	n
1291	69	171	31	100	y
1292	68	163	35	62	y
1293	68	190	28	90	y
1294	69	147	33	60	n
1295	68	173	35	90	y
1296	67	196	33	65	n
1297	69	196	35	95	y
1298	70	192	26	79	y
1299	69	210	35	79	y
1300	69	203	34	86	n
1301	70	198	30	95	y
1302	69	170	29	77	n
1303	69	193	49	86	y
1304	68	174	37	72	n
1305	67	156	36	62	n
1306	69	170	46	54	n
1307	67	153	33	63	y
1308	68	188	31	69	y
1309	70	187	33	88	y
1310	69	171	41	68	n
1311	68	168	35	65	n
1312	68	184	42	87	y
1313	64	230	40	90	y
1314	73	162	34	78	n
1315	70	198	40	107	y
1316	69	159	42	55	n
1317	71	181	30	58	n
1318	69	161	34	74	y
1319	67	173	43	51	n
1320	71	208	43	97	y
1321	69	174	37	63	n
1322	69	170	29	58	n
1323	71	169	35	71	n
1324	66	195	37	92	y
1325	69	207	35	85	y
1326	70	162	41	69	n
1327	68	205	35	85	y
1328	70	199	46	87	y
1329	67	207	36	99	y
1330	69	170	33	81	y
1331	68	163	39	73	n
1332	69	172	34	84	y
1333	68	189	31	65	n
1334	72	164	39	80	y
1335	69	174	44	72	n
1336	70	170	26	63	n
1337	69	193	39	71	y
1338	69	168	41	67	n
1339	68	207	35	81	y
1340	71	157	22	64	n
1341	70	200	25	75	y
1342	67	174	40	94	y
1343	70	190	44	104	y
1344	71	180	39	61	n
1345	70	210	34	92	y
1346	70	178	33	86	y
1347	69	203	46	83	y
1348	69	185	45	85	y
1349	68	174	36	56	n
1350	69	177	31	80	y
1351	68	165	35	74	n
1352	70	152	24	70	n
1353	69	171	37	80	n
1354	70	171	40	55	n
1355	68	171	41	72	n
1356	69	196	34	79	y
1357	72	179	23	83	y
1358	69	201	27	88	y
1359	69	193	41	90	y
1360	72	189	30	92	y
1361	66	171	31	61	n
1362	69	199	39	51	n
1363	66	206	43	78	y
1364	70	208	29	85	y
1365	69	151	36	72	n
1366	71	160	34	60	n
1367	68	204	32	80	y
1368	71	185	34	89	y
1369	68	203	31	85	y
1370	70	190	33	73	y
1371	67	178	25	89	y
1372	67	185	46	86	n
1373	67	187	35	81	y
1374	68	162	33	54	y
1375	69	160	35	62	n
1376	69	162	31	60	n
1377	69	164	34	81	y
1378	69	190	43	89	y
1379	68	168	40	75	n
1380	67	177	49	96	y
1381	66	169	34	64	n
1382	69	179	28	83	y
1383	69	166	34	75	y
1384	69	148	35	65	n
1385	69	175	23	86	y
1386	69	189	42	104	y
1387	69	201	37	68	n
1388	69	174	29	87	y
1389	67	190	35	61	n
1390	72	199	23	82	y
1391	69	170	34	73	n
1392	67	209	48	94	y
1393	69	183	33	59	n
1394	70	186	35	88	y
1395	69	164	32	52	n
1396	70	186	30	96	y
1397	66	181	39	83	y
1398	68	168	35	58	n
1399	69	170	33	98	y
1400	70	200	32	96	y
1401	70	168	30	63	n
1402	71	164	38	89	y
1403	71	179	31	52	n
1404	67	170	32	67	n
1405	73	193	34	78	y
1406	69	173	28	69	n
1407	72	176	38	90	y
1408	72	183	35	93	n
1409	66	165	31	60	n
1410	69	210	43	77	y
1411	71	169	37	67	n
1412	69	177	25	58	n
1413	69	190	27	93	y
1414	69	184	25	71	n
1415	69	215	38	70	n
1416	73	162	37	58	n
1417	69	183	50	73	y
1418	67	199	37	62	n
1419	71	202	17	89	y
1420	70	186	36	92	y
1421	69	165	32	66	n
1422	69	174	41	87	y
1423	71	181	35	57	n
1424	68	194	35	87	y
1425	70	180	27	66	n
1426	64	179	39	63	n
1427	71	177	36	80	y
1428	70	199	34	107	y
1429	67	185	38	66	n
1430	70	181	31	71	n
1431	68	180	29	61	n
1432	67	191	31	80	y
1433	70	184	35	60	n
1434	69	165	23	66	y
1435	69	194	25	93	y
1436	69	171	29	49	n
1437	67	202	35	48	n
1438	68	182	37	83	y
1439	69	190	36	100	y
1440	69	194	31	89	y
1441	69	204	35	78	y
1442	70	183	43	84	y
1443	69	206	36	72	y
1444	69	198	32	61	n
1445	70	169	32	84	y
1446	71	216	23	94	n
1447	69	172	30	82	y
1448	69	200	37	87	y
1449	71	185	35	65	n
1450	69	188	26	85	y
1451	68	205	34	90	y
1452	70	130	40	48	y
1453	68	169	44	67	y
1454	70	193	35	71	y
1455	69	174	38	64	n
1456	73	146	43	57	n
1457	67	199	36	72	y
1458	68	195	30	75	y
1459	70	178	35	74	y
1460	72	208	37	89	y
1461	69	179	35	96	y
1462	69	208	41	85	y
1463	69	170	31	78	n
1464	66	207	31	79	y
1465	70	182	31	63	n
1466	67	166	33	68	n
1467	69	146	41	73	n
1468	70	162	34	64	n
1469	69	167	41	69	n
1470	66	170	20	68	n
1471	68	169	42	53	n
1472	69	153	30	65	n
1473	71	187	40	96	y
1474	69	177	30	94	y
1475	71	178	37	77	y
1476	68	177	34	67	n
1477	68	172	35	77	n
1478	67	181	36	61	n
1479	69	208	25	81	y
1480	69	168	24	60	n
1481	69	196	32	73	y
1482	69	182	35	70	n
1483	69	155	39	48	n
1484	66	172	29	94	y
1485	70	173	35	82	y
1486	70	162	36	62	n
1487	70	191	41	85	n
1488	70	189	34	97	y
1489	71	172	35	61	n
1490	67	171	26	96	y
1491	66	197	30	97	y
1492	66	192	35	85	y
1493	70	181	34	65	n
1494	69	191	37	54	n
1495	66	142	40	49	n
1496	65	194	38	87	y
1497	67	183	22	70	n
1498	65	164	25	52	n
1499	70	158	26	80	n
1500	69	201	35	86	y
1501	70	170	32	52	n
1502	69	176	32	85	y
1503	72	183	39	66	n
1504	71	160	26	64	n
1505	70	182	39	81	n
1506	69	162	43	79	y
1507	72	181	33	88	y
1508	67	171	35	58	n
1509	67	192	29	83	n
1510	73	189	34	92	y
1511	69	200	31	89	y
1512	69	165	40	85	y
1513	69	150	41	65	n
1514	71	173	27	78	y
1515	67	186	31	68	n
1516	72	192	47	60	n
1517	70	170	45	59	n
1518	66	188	41	81	y
1519	69	197	34	91	y
1520	67	151	31	51	n
1521	67	201	33	79	n
1522	70	197	35	76	n
1523	69	168	33	66	n
1524	70	167	31	67	n
1525	69	175	33	81	y
1526	69	191	37	74	n
1527	69	202	27	85	y
1528	68	179	39	87	y
1529	69	164	39	64	n
1530	67	175	35	94	y
1531	68	173	33	90	y
1532	70	199	28	86	y
1533	69	209	39	85	y
1534	69	164	25	77	y
1535	72	171	37	65	n
1536	71	197	30	88	y
1537	71	164	33	63	n
1538	68	162	17	67	n
1539	70	201	42	65	y
1540	69	164	31	85	y
1541	69	174	35	80	n
1542	68	166	37	69	n
1543	69	193	40	77	y
1544	67	171	32	66	n
1545	69	153	33	59	n
1546	68	166	43	61	n
1547	68	195	33	66	n
1548	71	175	40	49	n
1549	69	172	36	91	y
1550	71	178	44	71	n
1551	69	146	26	82	n
1552	69	231	37	87	y
1553	70	184	38	86	y
1554	71	152	33	58	n
1555	69	191	25	78	y
1556	70	201	43	89	y
1557	69	185	26	84	y
1558	67	193	39	76	y
1559	72	197	42	83	y
1560	70	179	39	81	y
1561	69	169	37	65	n
1562	69	184	37	91	y
1563	70	177	26	70	n
1564	72	188	27	69	n
1565	70	168	40	66	n
1566	69	171	42	70	n
1567	67	151	23	53	n
1568	69	174	35	67	n
1569	70	157	31	60	n
1570	69	187	35	76	y
1571	69	172	38	69	n
1572	69	206	40	64	n
1573	70	205	39	65	y
1574	67	199	36	77	y
1575	71	161	35	68	n
1576	70	170	37	83	y
1577	69	170	36	61	n
1578	70	170	32	59	n
1579	69	198	32	73	y
1580	69	161	38	50	n
1581	73	212	35	84	y
1582	68	191	38	86	y
1583	67	191	35	97	y
1584	68	168	36	73	n
1585	66	177	31	85	y
1586	69	163	35	56	n
1587	69	172	39	78	n
1588	70	179	18	85	y
1589	69	181	38	70	n
1590	70	199	36	68	n
1591	69	150	26	54	n
1592	69	192	29	101	y
1593	69	174	34	72	n
1594	69	205	41	81	y
1595	67	181	37	61	n
1596	69	199	21	85	y
1597	70	190	40	88	y
1598	71	205	41	87	y
1599	69	202	36	97	y
1600	70	175	44	71	n
1601	71	201	45	78	y
1602	73	187	35	90	y
1603	68	190	33	75	n
1604	67	151	32	62	n
1605	67	171	36	55	n
1606	65	176	31	84	y
1607	67	192	28	62	n
1608	69	164	39	74	n
1609	69	218	40	88	y
1610	69	184	40	80	y
1611	71	155	21	62	n
1612	68	168	35	73	y
1613	67	165	32	81	y
1614	67	174	43	56	n
1615	69	196	39	85	y
1616	70	179	39	88	y
1617	69	169	33	76	y
1618	73	142	26	73	n
1619	69	193	41	86	y
1620	70	200	49	77	y
1621	67	183	45	77	y
1622	70	176	49	77	y
1623	66	190	28	91	y
1624	69	187	27	66	n
1625	67	160	32	91	y
1626	68	203	35	87	y
1627	69	182	46	96	y
1628	69	178	35	74	n
1629	70	152	34	66	n
1630	69	186	32	84	y
1631	69	210	45	86	y
1632	70	199	36	78	y
1633	71	205	37	82	y
1634	67	201	40	92	y
1635	73	193	38	88	y
1636	69	193	42	98	y
1637	69	175	32	56	n
1638	70	189	35	74	y
1639	68	169	35	57	n
1640	68	221	33	85	y
1641	68	205	39	65	y
1642	71	151	29	68	n
1643	68	187	27	82	y
1644	70	188	42	98	n
1645	67	165	39	73	n
1646	66	159	31	66	n
1647	71	167	40	63	n
1648	67	178	33	77	y
1649	72	163	37	65	n
1650	71	168	29	75	n
1651	65	189	46	59	n
1652	70	163	37	61	n
1653	67	164	32	74	n
1654	66	191	38	85	y
1655	69	177	46	90	y
1656	70	192	46	93	y
1657	70	182	31	64	n
1658	68	157	33	77	n
1659	69	199	27	72	n
1660	69	190	33	76	y
1661	72	176	41	68	n
1662	71	187	37	54	n
1663	67	178	39	78	y
1664	68	199	35	82	y
1665	63	200	31	70	y
1666	67	168	36	62	n
1667	69	177	35	64	n
1668	71	170	31	63	n
1669	68	190	32	85	y
1670	68	167	32	71	y
1671	69	172	40	88	y
1672	69	191	40	92	y
1673	69	179	30	83	y
1674	69	159	28	53	n
1675	69	174	32	56	n
1676	70	178	39	62	n
1677	66	175	45	66	n
1678	68	215	39	66	y
1679	68	174	45	95	y
1680	68	159	41	66	n
1681	67	181	38	62	n
1682	68	175	39	70	n
1683	68	153	33	65	n
1684	69	183	40	87	y
1685	69	201	45	85	y
1686	69	193	37	95	y
1687	67	208	20	86	y
1688	71	166	30	65	n
1689	69	199	35	86	y
1690	69	172	47	94	y
1691	66	190	28	77	y
1692	70	154	38	55	n
1693	69	178	23	70	y
1694	67	148	38	82	n
1695	69	188	32	87	y
1696	67	187	29	85	y
1697	70	196	40	69	n
1698	70	170	36	61	n
1699	69	187	35	91	y
1700	68	176	36	75	n
1701	68	167	36	68	n
1702	67	182	33	75	n
1703	69	182	35	88	y
1704	70	169	34	64	n
1705	70	159	28	64	n
1706	69	168	27	53	n
1707	69	209	28	82	y
1708	69	150	42	88	n
1709	68	185	29	84	y
1710	70	157	32	64	n
1711	71	181	31	61	n
1712	70	193	33	88	y
1713	68	180	27	44	n
1714	68	192	41	78	y
1715	69	192	32	65	n
1716	69	210	30	88	y
1717	68	209	29	67	n
1718	70	180	30	73	n
1719	69	200	35	89	y
1720	68	177	40	85	y
1721	70	182	35	74	y
1722	69	163	30	58	n
1723	67	196	39	80	y
1724	68	182	35	97	y
1725	69	195	33	91	y
1726	69	153	35	61	n
1727	70	165	31	80	y
1728	67	165	37	68	n
1729	69	177	41	50	n
1730	72	161	35	62	n
1731	69	169	29	72	n
1732	68	166	30	77	n
1733	69	180	32	102	y
1734	69	183	37	61	n
1735	72	157	35	52	n
1736	69	172	31	69	n
1737	73	177	27	71	n
1738	69	194	28	73	n
1739	70	163	43	86	y
1740	67	191	35	86	y
1741	69	183	28	88	y
1742	72	193	29	83	y
1743	69	182	27	95	y
1744	70	161	39	69	n
1745	68	190	37	84	y
1746	68	181	26	85	y
1747	69	158	35	85	y
1748	69	227	27	83	y
1749	68	193	29	77	y
1750	70	201	30	70	y
1751	69	182	36	78	y
1752	69	165	39	68	n
1753	69	174	38	80	n
1754	69	185	30	88	y
1755	70	157	44	87	y
1756	69	187	35	62	n
1757	71	179	37	89	y
1758	70	183	32	111	y
1759	69	215	36	93	y
1760	69	173	35	76	y
1761	69	188	38	64	n
1762	69	161	41	71	n
1763	66	210	27	68	y
1764	66	175	33	63	n
1765	66	182	36	82	y
1766	70	149	38	57	n
1767	69	191	31	82	y
1768	69	170	26	69	n
1769	68	198	41	88	y
1770	69	200	35	82	y
1771	67	194	36	111	y
1772	70	186	37	85	y
1773	67	172	42	75	y
1774	65	189	39	79	y
1775	68	155	46	65	n
1776	70	168	32	64	n
1777	69	189	28	95	y
1778	69	154	36	61	n
1779	72	162	35	77	n
1780	69	163	38	66	n
1781	70	187	28	96	y
1782	66	170	30	57	n
1783	69	191	27	88	y
1784	70	173	34	60	n
1785	69	161	42	86	n
1786	69	182	30	93	y
1787	69	191	35	95	y
1788	69	201	38	85	y
1789	69	171	44	70	n
1790	69	207	44	94	y
1791	69	180	25	80	n
1792	69	190	35	86	y
1793	69	183	32	66	n
1794	69	162	36	68	n
1795	69	196	26	65	y
1796	70	184	34	85	y
1797	69	189	37	83	y
1798	68	171	43	99	y
1799	69	205	36	84	y
1800	69	195	51	89	y
1801	68	198	39	90	y
1802	69	197	51	93	n
1803	67	168	39	91	y
1804	69	187	47	80	y
1805	65	179	37	88	y
1806	73	194	37	80	y
1807	67	156	40	57	n
1808	67	200	35	65	n
1809	70	184	41	93	y
1810	70	161	32	47	n
1811	66	185	45	76	y
1812	65	161	39	60	n
1813	69	193	42	84	y
1814	68	159	38	68	n
1815	70	143	44	69	n
1816	70	147	40	66	n
1817	69	177	37	87	y
1818	72	158	42	67	n
1819	69	186	31	65	n
1820	71	157	37	74	n
1821	67	171	26	61	n
1822	67	147	40	63	n
1823	69	192	35	103	y
1824	69	207	41	85	y
1825	70	161	28	53	n
1826	69	207	45	106	y
1827	67	179	41	78	y
1828	72	207	34	90	y
1829	69	162	35	55	n
1830	69	235	35	79	y
1831	70	163	29	91	n
1832	69	196	42	74	y
1833	71	195	35	91	y
1834	68	172	36	61	n
1835	69	173	35	85	y
1836	68	200	38	83	y
1837	69	190	26	89	y
1838	69	213	39	84	n
1839	71	182	36	80	y
1840	69	183	28	91	y
1841	69	151	43	61	n
1842	70	121	33	72	n
1843	68	183	42	63	n
1844	70	202	32	90	y
1845	65	190	38	59	n
1846	69	182	41	75	n
1847	72	178	33	84	y
1848	71	174	38	62	n
1849	68	178	30	94	y
1850	69	189	30	100	y
1851	68	202	39	87	y
1852	68	170	30	63	n
1853	70	164	34	68	n
1854	70	156	39	66	n
1855	70	193	35	85	y
1856	70	154	29	73	n
1857	69	196	30	92	y
1858	67	186	28	66	n
1859	70	184	39	63	n
1860	68	201	42	85	y
1861	69	181	34	77	y
1862	67	168	27	58	n
1863	69	182	30	63	n
1864	68	164	34	77	y
1865	66	159	32	78	y
1866	69	170	48	52	n
1867	68	192	36	79	y
1868	69	177	35	81	y
1869	71	200	35	71	y
1870	70	162	34	63	n
1871	70	164	44	75	n
1872	70	176	31	78	y
1873	68	185	25	71	n
1874	68	181	38	76	n
1875	67	142	39	52	y
1876	72	163	38	65	n
1877	69	168	29	74	n
1878	69	173	42	64	n
1879	69	179	30	82	y
1880	71	156	26	67	n
1881	69	190	30	86	y
1882	70	167	41	79	n
1883	71	172	36	52	n
1884	68	166	46	74	n
1885	69	169	30	85	y
1886	69	167	28	72	n
1887	70	188	35	69	y
1888	65	199	34	85	y
1889	67	161	35	79	y
1890	69	172	32	91	y
1891	69	198	39	89	y
1892	69	181	33	60	n
1893	69	186	37	70	y
1894	68	163	41	83	n
1895	66	195	49	88	y
1896	69	186	40	72	n
1897	68	208	39	83	y
1898	69	189	41	82	y
1899	71	173	29	66	n
1900	69	184	30	78	y
1901	71	192	43	75	n
1902	71	175	24	62	n
1903	70	190	33	67	n
1904	69	210	42	92	y
1905	65	194	39	82	y
1906	69	164	36	62	n
1907	71	141	45	72	n
1908	72	183	33	64	n
1909	69	163	31	68	n
1910	65	208	41	84	y
1911	68	170	37	71	n
1912	64	166	37	51	n
1913	69	160	29	56	n
1914	67	190	34	80	y
1915	69	190	35	85	y
1916	69	154	31	64	n
1917	70	166	42	63	n
1918	69	162	35	60	n
1919	69	199	33	70	y
1920	71	184	35	78	y
1921	69	196	33	70	n
1922	68	192	30	81	y
1923	69	185	35	65	n
1924	68	174	41	69	n
1925	73	197	37	65	n
1926	68	203	34	73	y
1927	69	186	31	76	y
1928	68	188	28	71	n
1929	71	181	36	76	n
1930	70	185	35	84	y
1931	70	198	25	80	y
1932	67	190	29	81	y
1933	69	213	43	82	y
1934	70	186	37	83	y
1935	66	202	47	47	n
1936	71	188	38	64	n
1937	69	182	44	76	y
1938	70	173	28	86	y
1939	73	218	25	96	y
1940	69	189	36	84	y
1941	72	170	43	52	n
1942	68	163	30	53	n
1943	69	176	36	80	y
1944	69	159	35	67	n
1945	68	184	39	73	y
1946	69	161	34	70	n
1947	69	170	30	61	y
1948	69	163	45	80	y
1949	69	165	27	66	n
1950	69	185	29	103	y
1951	67	170	36	81	y
1952	71	160	35	69	n
1953	71	214	26	62	n
1954	69	189	36	94	y
1955	68	149	33	80	n
1956	69	226	37	86	y
1957	72	166	20	79	y
1958	71	173	39	65	n
1959	68	203	34	86	y
1960	70	163	27	68	n
1961	69	187	35	85	y
1962	68	193	38	96	y
1963	70	155	37	66	n
1964	69	166	33	73	n
1965	68	162	35	70	n
1966	70	196	39	65	n
1967	69	156	44	78	n
1968	70	175	26	90	y
1969	69	173	35	81	y
1970	67	184	43	75	n
1971	73	184	40	65	n
1972	70	160	35	95	y
1973	71	197	35	75	y
1974	69	190	35	95	y
1975	69	184	32	69	n
1976	68	197	29	74	y
1977	67	184	38	61	n
1978	69	178	33	71	n
1979	70	156	35	88	y
1980	67	201	36	85	y
1981	69	197	43	58	n
1982	70	220	38	82	y
1983	69	165	24	59	n
1984	68	191	33	81	y
1985	73	183	26	94	y
1986	69	177	30	47	n
1987	68	141	38	56	n
1988	69	158	36	74	n
1989	68	187	38	95	y
1990	69	210	40	77	y
1991	70	170	31	60	n
1992	69	202	30	77	y
1993	70	149	37	79	n
1994	70	170	38	61	n
1995	69	198	35	86	y
1996	69	187	41	80	y
1997	69	179	38	95	y
1998	69	197	30	64	n
1999	71	217	39	87	y
2000	71	170	31	68	n
