var1	var2	class
101	195	0
122	227	1
108	228	1
151	219	1
95	201	0
189	207	1
101	223	1
70	224	1
126	219	1
137	239	1
124	230	1
120	201	0
126	228	1
105	217	0
98	208	0
101	166	0
92	203	0
104	197	0
77	217	1
126	224	1
105	216	0
95	172	0
99	232	0
104	142	0
122	218	1
131	218	1
95	289	0
99	222	0
119	224	1
112	220	1
113	206	1
101	236	1
140	243	1
135	231	1
94	193	0
121	229	1
98	231	0
91	248	0
111	215	1
100	224	0
89	191	0
79	212	1
98	235	0
90	172	0
115	194	0
105	214	1
141	206	1
105	194	0
114	210	1
101	223	0
120	232	1
131	222	1
34	221	1
98	235	0
141	217	1
114	213	1
138	227	1
86	165	0
78	233	1
143	225	1
100	200	0
99	218	1
118	201	0
107	177	0
118	220	1
94	238	0
94	176	0
103	209	0
91	249	0
135	207	1
105	189	0
72	210	1
145	208	1
113	244	0
73	222	1
95	181	0
101	198	0
117	229	1
103	170	0
135	195	1
44	216	1
99	197	0
129	222	1
109	215	1
96	229	0
99	202	0
137	223	1
93	207	0
115	225	1
115	198	0
81	235	1
91	185	0
79	215	1
114	247	0
96	211	0
103	206	0
119	171	0
103	248	0
101	163	0
143	230	1
103	233	0
99	177	0
162	215	1
97	269	0
96	215	0
116	218	1
104	205	0
138	225	1
117	208	1
164	226	1
176	220	1
100	201	0
171	217	1
132	198	1
108	238	0
118	210	0
88	227	1
145	218	1
127	229	1
102	189	0
123	221	1
88	216	0
78	211	0
94	219	0
176	208	1
92	218	1
115	215	1
105	180	0
99	189	0
93	148	0
108	219	1
104	164	0
136	223	1
87	197	0
159	227	1
117	217	1
130	221	1
163	211	1
103	224	1
100	194	0
104	217	0
102	190	0
91	156	0
117	263	0
116	224	1
110	226	1
121	229	1
115	216	1
115	229	1
118	200	1
127	214	1
102	123	0
113	223	1
164	230	1
93	220	1
114	169	0
116	208	0
120	217	1
129	220	1
140	206	1
141	231	1
113	204	1
123	222	1
81	223	1
158	209	1
109	233	1
96	209	0
91	218	0
95	214	1
94	209	0
83	227	0
105	178	0
108	215	0
201	234	1
86	200	0
90	210	0
71	171	0
118	223	1
98	210	1
81	260	0
108	198	0
133	206	1
95	169	0
108	221	1
113	208	0
101	244	0
99	209	0
94	252	0
94	189	0
97	229	0
105	166	0
106	229	1
95	197	0
92	216	0
102	238	0
112	200	0
95	189	0
134	211	1
138	231	1
172	210	1
94	150	0
76	214	1
96	166	0
143	212	1
129	252	0
111	205	0
120	226	1
150	224	1
93	195	0
138	235	1
96	192	0
105	220	1
99	202	0
102	220	1
160	216	1
104	242	0
146	217	1
100	226	0
88	222	1
90	215	0
108	210	1
98	197	0
108	176	0
93	202	0
119	186	0
100	173	0
147	237	1
170	210	1
129	222	1
105	230	0
92	237	1
119	231	1
171	212	1
100	252	0
93	229	0
101	235	0
75	218	1
107	200	0
96	181	0
137	226	1
95	284	0
88	252	0
102	238	0
75	224	1
96	170	0
96	221	1
102	216	0
139	231	1
195	207	1
113	237	0
124	216	0
115	235	1
112	218	1
103	172	0
109	217	0
153	224	1
85	166	0
100	167	0
159	206	1
97	239	1
90	220	1
95	170	0
105	185	0
97	227	1
90	156	0
114	218	1
130	220	1
122	222	1
96	226	1
88	211	0
151	220	1
110	214	0
94	248	0
94	157	0
97	211	0
82	188	0
148	212	1
122	222	1
101	232	1
95	198	0
79	198	0
97	148	0
111	240	0
110	215	0
188	205	1
101	150	0
135	215	1
111	116	0
112	165	0
107	226	0
110	206	1
86	193	0
147	224	1
101	248	0
100	227	0
98	223	1
91	210	0
139	208	1
128	225	1
93	200	0
110	212	1
106	220	1
111	214	1
125	225	1
122	223	1
96	181	0
138	214	1
119	214	1
88	197	1
92	224	0
102	249	0
100	228	1
123	194	0
102	194	0
107	180	0
94	215	0
112	189	0
111	218	1
125	225	1
62	208	1
104	196	0
99	280	0
155	213	1
80	207	0
168	231	1
64	204	1
167	215	1
131	236	1
93	177	0
98	231	1
102	238	0
106	208	0
113	143	0
103	219	1
133	217	1
79	192	1
107	209	1
119	221	1
104	223	1
113	226	1
100	172	0
106	238	1
101	169	0
100	270	0
76	218	1
114	220	1
179	220	1
120	237	0
142	227	1
87	153	0
96	254	0
77	236	1
106	209	1
99	238	0
90	225	1
153	227	1
100	267	0
198	240	1
158	215	1
107	213	1
82	171	0
120	206	1
100	223	0
116	214	1
102	163	0
131	215	1
116	220	1
128	226	1
119	176	0
144	218	1
96	231	1
148	221	1
107	178	0
103	157	0
107	262	0
128	228	1
136	226	1
79	204	1
137	220	1
105	234	0
133	200	1
100	181	0
178	207	1
147	213	1
117	229	1
132	207	1
100	188	0
97	184	0
107	195	0
93	156	0
98	142	0
119	164	0
131	229	1
96	227	1
102	181	0
113	222	0
111	216	1
124	225	1
112	219	1
79	212	0
106	220	1
110	226	0
93	259	0
99	231	0
118	226	1
104	218	1
107	223	1
115	229	0
122	250	0
113	224	1
109	216	1
104	220	1
100	236	0
106	208	0
179	242	1
128	219	1
112	230	1
121	226	1
109	150	0
127	190	0
107	202	1
124	244	0
96	215	1
83	256	0
94	223	0
100	181	0
87	233	1
98	210	1
88	224	1
97	262	0
122	220	1
96	178	0
85	219	1
111	231	1
61	210	1
118	198	1
118	231	1
96	238	1
99	207	0
85	188	0
127	232	1
55	220	1
106	177	0
92	165	0
100	169	0
118	257	0
116	212	1
91	228	1
207	215	1
99	154	0
112	173	0
115	233	1
83	150	0
109	231	1
113	224	1
72	219	1
104	203	0
98	216	0
159	226	1
110	220	1
178	239	1
105	190	0
87	237	0
121	222	1
160	208	1
89	185	0
102	226	0
80	214	1
169	223	1
83	209	0
105	172	0
117	236	1
160	221	1
73	222	1
143	212	1
149	232	1
174	197	1
136	217	1
122	217	1
108	215	1
107	166	0
103	226	1
88	170	0
103	215	1
64	236	1
135	231	1
143	220	1
114	215	1
104	221	1
120	214	1
65	218	1
97	184	0
90	217	1
98	237	0
100	196	0
96	215	1
99	205	0
79	206	0
99	227	1
91	227	0
88	224	0
115	234	1
79	226	1
147	236	1
84	214	1
149	219	1
96	212	0
114	221	0
114	207	1
105	215	0
111	219	1
127	227	1
108	201	0
139	213	1
92	169	0
104	217	0
109	223	0
91	226	0
99	220	0
97	231	0
114	180	0
83	215	1
73	234	1
69	203	1
97	179	0
116	224	0
135	239	1
103	158	0
120	218	1
105	175	0
113	241	0
140	248	1
190	218	1
102	207	1
94	205	0
114	128	0
123	227	1
100	189	0
54	212	1
88	214	1
119	214	0
99	211	0
129	218	1
100	166	0
117	221	1
106	259	0
92	211	1
142	218	1
85	218	1
110	213	0
100	211	1
153	218	1
86	222	1
107	192	0
110	228	1
116	219	0
153	232	1
103	208	0
117	180	0
124	213	1
140	225	1
119	232	1
135	222	1
111	180	0
79	205	0
136	228	1
113	164	0
102	227	0
94	165	0
118	192	0
109	156	0
88	228	0
96	212	0
80	232	1
89	205	0
97	222	0
100	223	0
108	218	0
144	215	1
79	181	0
127	232	1
133	214	1
128	233	1
95	215	0
119	222	1
116	208	1
103	204	0
131	222	1
85	232	0
164	220	1
97	228	0
87	186	0
94	211	0
139	215	1
95	221	0
90	210	1
160	219	1
137	205	1
118	215	1
99	220	0
153	231	1
142	229	1
101	201	0
83	232	1
100	210	0
105	237	0
109	232	1
79	220	1
104	258	0
97	227	1
70	222	1
99	221	0
120	201	1
152	204	1
95	182	0
165	210	1
185	224	1
127	222	1
89	196	0
74	218	1
148	234	1
111	195	1
136	219	1
87	232	1
199	222	1
128	224	1
83	175	0
104	236	0
127	232	1
104	194	0
103	159	0
150	220	1
102	218	0
145	210	1
106	210	1
92	224	1
164	238	1
107	136	0
97	218	0
108	168	0
122	225	1
107	221	0
87	183	0
112	162	0
86	221	1
159	227	1
96	217	1
100	192	0
150	205	1
115	202	1
144	228	1
104	205	0
104	226	0
80	211	1
124	198	1
86	248	0
81	233	1
108	203	1
136	216	1
97	203	0
122	238	1
88	192	0
111	223	1
156	215	1
107	187	0
117	221	1
112	205	1
118	210	1
90	188	0
88	258	0
90	199	0
102	151	0
97	147	0
100	257	0
93	179	0
135	232	1
113	247	0
111	225	1
134	205	1
108	222	0
80	200	1
122	226	1
130	217	1
122	216	0
94	222	0
101	194	0
91	178	0
96	214	0
100	230	0
104	197	0
100	191	0
75	238	1
150	220	1
100	194	0
98	201	0
170	230	1
99	188	0
143	206	1
100	203	0
89	156	0
89	227	1
107	222	0
125	225	1
102	241	0
113	210	1
86	218	1
99	192	0
128	232	1
146	217	1
131	224	1
110	225	0
104	220	1
177	205	1
92	231	0
116	208	0
118	228	1
153	228	1
95	229	0
97	225	1
160	213	1
97	200	0
127	225	1
93	202	1
112	164	0
101	203	0
110	175	0
110	178	0
100	216	0
105	195	0
150	223	1
95	161	0
166	217	1
100	209	0
100	171	0
116	220	1
113	220	1
96	141	0
97	263	0
93	228	1
99	213	1
115	215	1
107	234	1
95	193	0
99	214	0
118	248	0
103	185	0
86	235	0
100	201	0
156	214	1
140	235	1
91	195	0
48	226	1
99	167	0
97	166	0
118	216	1
103	235	1
80	179	0
108	214	0
105	236	1
140	221	1
109	222	0
96	209	0
138	222	1
111	234	0
84	219	0
134	204	1
111	213	1
174	215	1
101	207	0
113	216	0
98	220	1
103	215	1
109	211	0
150	214	1
103	212	1
107	166	0
113	236	0
141	215	1
107	226	1
92	182	0
129	224	1
176	223	1
100	218	0
109	193	0
110	202	0
149	211	1
88	157	0
104	141	0
120	205	1
145	220	1
89	227	1
114	218	1
68	225	1
105	223	1
106	188	0
88	233	1
99	241	0
101	218	0
158	234	1
89	235	1
101	163	0
146	215	1
117	202	1
132	236	1
112	198	1
83	223	1
120	220	1
91	219	1
104	240	0
102	230	0
120	199	1
82	258	0
156	212	1
99	215	0
172	225	1
77	211	1
96	170	0
114	187	0
102	243	0
112	203	1
84	228	1
97	184	0
98	161	0
98	151	0
108	222	0
104	213	0
103	191	0
130	214	1
133	228	1
79	222	1
120	192	0
93	175	0
102	195	0
92	209	0
122	224	1
111	190	0
89	212	0
76	202	0
118	220	1
113	232	1
99	209	0
118	217	1
101	156	0
101	214	1
104	217	1
77	228	0
96	195	1
126	153	0
116	208	1
127	213	1
97	220	1
104	222	1
97	202	1
129	219	1
102	174	0
148	209	1
102	172	0
113	205	0
110	208	0
86	223	1
125	226	1
134	221	1
129	219	1
106	234	0
89	214	0
88	237	0
97	225	0
106	229	0
111	205	1
130	225	1
119	209	1
113	220	1
99	240	1
159	216	1
108	210	0
182	220	1
87	175	0
164	239	1
124	214	1
101	256	0
114	200	0
177	216	1
107	191	0
122	220	1
112	218	1
117	238	1
94	205	0
90	239	1
118	220	1
101	196	0
63	217	1
108	225	0
123	217	1
88	237	0
89	228	1
126	209	1
107	214	1
88	177	0
103	195	0
112	182	0
114	257	1
110	159	0
72	199	0
109	188	0
103	201	0
84	220	1
110	213	1
99	200	0
93	230	1
102	182	0
108	211	0
143	234	1
100	234	1
86	220	1
93	228	1
90	226	1
194	224	1
96	196	0
102	214	0
100	206	0
62	228	1
96	212	0
93	220	0
113	168	0
121	218	1
100	205	0
85	218	1
133	210	1
98	187	0
100	201	0
111	161	0
71	218	1
96	159	0
76	212	1
143	211	1
79	214	1
96	240	0
108	222	0
108	199	0
74	204	0
146	246	1
109	209	1
108	234	1
96	152	0
75	218	1
115	235	1
110	240	0
122	228	1
97	217	1
89	245	1
90	177	0
179	210	1
158	238	1
171	217	1
90	183	1
178	209	1
100	155	0
119	225	1
154	210	1
100	192	0
145	222	1
165	221	1
102	217	1
99	187	0
65	203	1
71	223	1
97	277	0
147	229	1
101	233	0
144	212	1
140	234	1
109	198	0
108	182	0
97	186	0
118	150	0
159	219	1
84	198	0
95	257	0
131	226	1
102	188	0
140	222	1
92	262	0
116	221	1
100	187	0
81	207	1
89	209	1
116	227	0
100	178	0
121	217	1
125	232	1
103	199	0
127	225	1
68	211	1
109	240	0
127	224	1
112	246	0
130	220	1
161	220	1
88	189	0
107	192	0
116	237	1
89	196	0
115	220	1
137	204	1
129	222	1
152	229	1
114	188	0
114	215	1
160	215	1
122	248	0
56	220	1
105	216	1
78	241	1
135	220	1
102	232	1
102	232	0
115	212	1
95	227	1
87	173	0
126	212	1
90	247	0
112	210	0
106	182	0
151	223	1
118	194	0
116	243	0
98	229	1
187	219	1
108	170	0
163	239	1
117	184	0
103	155	0
99	201	0
100	238	0
92	188	0
100	183	0
108	195	0
85	163	0
113	179	0
101	190	0
104	209	0
91	251	0
181	214	1
152	228	1
105	207	0
102	235	0
137	227	1
101	234	1
140	225	1
89	212	1
47	211	1
81	219	1
95	209	0
87	223	0
102	192	0
97	165	0
115	200	0
188	214	1
85	202	0
167	224	1
90	203	0
96	180	0
117	221	1
83	222	1
106	188	0
145	234	1
152	218	1
130	210	1
111	216	0
106	199	0
119	252	0
91	141	0
74	208	0
86	220	1
108	228	1
99	175	0
172	221	1
97	206	1
113	236	0
128	233	1
100	193	0
89	188	0
112	149	0
85	177	0
104	165	0
159	234	1
97	185	0
107	211	1
115	159	0
100	156	0
105	210	0
123	207	1
91	215	1
117	173	0
125	197	0
94	175	0
97	212	0
80	222	1
104	258	0
102	195	0
113	217	1
103	212	1
120	207	1
114	177	0
199	228	1
158	221	1
95	195	0
103	220	0
138	206	1
141	225	1
106	191	0
126	201	0
101	166	0
94	233	0
105	215	1
95	184	0
101	188	0
110	215	1
127	228	1
115	234	1
143	229	1
85	206	0
89	180	0
89	255	0
107	213	1
107	200	0
134	231	1
105	291	0
140	214	1
94	230	0
121	218	1
70	225	1
140	238	1
114	220	1
134	215	1
101	161	0
114	205	1
106	222	0
96	153	0
96	193	0
151	224	1
93	206	0
85	208	0
109	218	1
133	215	1
106	223	1
111	228	0
160	227	1
88	217	1
151	226	1
102	134	0
168	233	1
84	216	1
167	225	1
111	208	0
96	223	1
141	235	1
143	216	1
122	207	1
109	181	0
108	175	0
142	212	1
102	220	1
89	215	0
101	220	1
96	229	0
100	231	0
121	228	1
137	216	1
176	208	1
110	215	1
103	166	0
121	234	0
104	233	0
158	231	1
92	225	0
123	200	0
62	237	1
99	222	0
147	218	1
104	175	0
101	225	1
91	182	0
119	213	1
87	243	0
137	219	1
102	195	0
91	148	0
79	139	0
100	205	0
96	232	0
164	230	1
78	224	1
112	219	1
152	203	1
90	234	0
97	199	0
143	218	1
107	226	0
74	228	1
135	220	1
109	139	0
110	183	0
100	203	0
90	241	0
48	220	1
168	224	1
118	210	1
136	220	1
121	184	0
138	212	1
112	205	0
129	150	0
102	180	0
120	212	1
92	182	0
105	168	0
114	222	1
107	217	1
94	216	0
106	251	0
135	218	1
104	197	0
102	210	1
83	207	1
113	229	1
92	172	0
126	220	1
87	209	0
79	206	1
112	163	0
105	225	0
93	213	1
100	191	0
96	254	0
124	231	1
96	208	1
95	200	0
113	250	0
110	222	0
93	210	0
140	220	1
101	230	0
91	202	0
96	149	0
100	214	0
101	212	0
84	217	1
95	198	0
107	243	0
96	185	0
149	200	1
119	212	1
132	211	1
110	230	1
108	281	0
103	215	0
96	196	0
138	206	1
119	231	1
98	206	0
158	237	1
124	221	1
110	215	1
138	199	1
100	194	0
105	176	0
168	224	1
103	187	0
102	213	1
115	235	1
137	228	1
111	190	0
100	234	0
98	249	1
104	205	1
141	223	1
95	227	1
96	216	0
95	216	0
93	164	0
91	220	1
115	207	1
106	206	0
129	218	1
106	233	0
107	201	0
153	231	1
97	224	1
104	205	0
79	247	1
133	202	1
61	201	1
120	175	0
119	218	1
95	227	0
118	226	0
155	212	1
137	223	1
134	229	1
130	222	1
165	233	1
123	206	1
168	227	1
189	245	1
83	185	0
73	215	1
100	238	0
107	214	0
112	191	0
116	231	1
82	198	1
100	151	0
162	222	1
101	175	0
151	214	1
172	211	1
205	242	1
127	217	1
78	217	1
105	256	0
100	231	1
102	208	0
124	214	1
100	232	0
100	228	0
76	218	1
91	211	0
95	159	0
151	217	1
135	219	1
95	257	0
159	220	1
116	182	0
146	220	1
161	235	1
109	150	0
150	218	1
136	229	1
103	235	0
93	291	0
122	220	1
82	202	0
100	205	0
98	161	0
123	220	1
109	230	1
125	212	1
43	225	1
90	212	0
85	238	1
100	213	0
95	162	0
96	205	0
137	223	0
110	176	0
47	224	1
130	230	1
97	161	0
96	230	1
70	214	1
117	218	1
100	191	0
97	205	0
98	204	0
105	212	1
100	183	0
98	256	0
84	208	1
73	228	1
100	227	0
184	219	1
145	209	1
109	234	1
95	123	0
104	238	1
59	201	1
122	202	1
120	238	1
120	189	0
76	203	1
93	208	0
146	216	1
88	185	0
128	210	1
100	225	0
190	212	1
110	220	1
88	159	0
113	220	1
106	211	0
99	202	0
102	216	1
147	222	1
123	228	1
160	226	1
128	229	1
223	216	1
126	251	0
158	208	1
114	179	0
130	238	1
99	184	0
158	223	1
96	202	0
125	204	1
101	209	1
158	223	1
128	209	1
104	206	0
93	228	0
82	216	1
119	221	1
80	227	1
113	224	0
34	215	1
87	206	1
103	227	1
151	206	1
120	216	1
134	227	1
79	218	1
100	189	1
129	209	1
95	189	0
96	180	0
109	162	0
68	220	1
97	182	0
101	197	0
119	139	0
108	183	0
138	222	1
162	220	1
106	214	0
104	221	1
94	194	0
71	200	0
118	208	1
136	226	1
85	168	0
118	171	0
91	203	0
147	203	1
78	212	0
81	208	1
122	220	1
95	230	1
105	143	0
160	218	1
100	184	0
109	197	0
123	223	1
86	214	0
96	184	0
101	194	0
107	153	0
94	190	0
132	221	1
181	227	1
93	182	0
107	219	1
82	219	1
101	168	0
133	231	1
100	175	0
98	105	0
94	227	0
130	206	1
98	195	0
155	219	1
82	212	1
95	249	0
191	210	1
100	191	0
184	219	1
111	217	1
72	220	1
118	202	1
110	225	1
150	232	1
88	234	0
113	236	1
97	225	1
85	231	0
97	243	0
109	213	1
98	209	0
105	221	0
117	189	0
104	209	0
113	202	0
103	182	0
100	221	1
97	198	0
112	197	0
91	228	1
145	214	1
114	214	1
89	221	0
98	165	0
107	234	0
100	227	1
108	216	1
105	207	0
115	180	0
116	209	0
91	221	1
80	187	0
118	218	0
50	211	1
107	199	0
126	223	1
94	172	0
93	228	1
92	207	0
136	207	1
108	237	1
104	218	1
119	199	0
99	154	0
111	220	1
112	236	1
182	232	1
142	236	1
122	218	1
72	220	1
109	214	0
89	174	0
111	208	0
102	217	1
110	220	0
110	209	1
92	269	0
110	233	0
86	214	0
102	194	0
122	225	1
97	218	1
134	216	1
97	199	0
90	164	0
97	181	0
119	235	0
114	216	1
122	191	0
108	162	0
94	165	0
88	213	0
154	214	1
106	255	0
97	209	0
172	200	1
122	216	1
101	167	0
100	253	0
87	201	1
101	256	0
106	162	0
106	227	1
114	201	1
96	235	0
126	222	1
198	209	1
126	225	1
82	217	1
102	182	0
100	216	0
120	228	1
120	222	1
137	232	1
58	229	1
90	167	0
86	210	1
110	192	0
103	179	0
112	200	0
100	209	1
87	212	1
93	232	1
111	176	0
167	216	1
153	226	1
107	169	0
89	270	0
99	210	0
139	231	1
98	258	0
135	230	1
120	220	1
117	188	0
86	203	1
117	208	0
99	187	0
84	195	0
88	232	0
176	205	1
94	226	1
122	214	1
179	220	1
115	210	0
130	227	1
84	253	0
162	218	1
100	224	0
101	240	0
107	233	1
95	225	1
99	163	0
96	221	1
87	225	1
128	226	1
158	226	1
103	206	0
87	167	0
86	172	0
82	221	1
89	243	0
125	215	1
86	215	0
132	221	1
90	207	0
105	235	1
110	219	1
136	226	1
81	204	1
107	217	1
109	177	0
114	207	1
94	202	0
89	254	0
112	197	0
111	220	1
129	222	1
133	224	1
130	212	1
125	233	1
104	162	0
120	215	1
134	213	1
112	232	1
96	228	0
87	237	1
142	230	1
84	206	1
82	196	0
96	153	0
61	211	1
106	229	1
99	241	1
112	213	0
91	206	0
174	225	1
129	196	1
117	220	1
118	220	1
100	200	0
136	229	1
138	222	1
103	153	0
103	162	0
137	223	1
100	276	0
97	213	1
159	227	1
137	213	1
113	222	0
92	195	0
119	205	1
105	272	0
91	200	0
120	218	1
145	220	1
96	213	0
98	217	1
83	97	0
93	243	1
126	236	1
114	226	1
106	197	0
77	207	1
114	203	1
114	218	1
120	222	1
102	211	0
132	215	1
90	218	1
136	230	1
141	220	1
69	206	1
100	223	0
145	234	1
104	166	0
88	277	0
95	213	0
90	169	0
97	172	0
92	193	0
122	186	0
114	226	1
102	167	0
100	170	0
97	195	0
85	236	1
107	191	0
117	222	0
128	220	1
119	243	0
83	219	0
100	227	0
99	224	1
114	208	1
99	231	1
108	214	1
136	228	1
115	221	1
97	255	0
91	209	0
103	230	0
129	240	1
127	223	1
111	202	0
96	196	0
100	220	1
98	203	1
113	224	1
128	234	1
95	145	0
77	218	1
102	190	0
101	214	0
106	236	1
100	234	1
96	150	0
111	185	0
109	208	0
102	145	0
106	208	0
48	224	1
68	222	1
102	234	1
148	215	1
143	235	1
79	220	1
113	226	1
134	214	1
68	229	1
128	209	0
79	204	1
101	171	0
90	220	0
101	225	1
86	218	1
100	186	0
150	212	1
93	160	0
136	234	1
115	216	1
107	220	1
88	177	0
106	240	0
126	230	1
113	228	1
110	220	1
103	227	0
103	178	0
114	209	0
89	225	1
124	220	1
89	218	0
142	220	1
157	225	1
94	147	0
111	153	0
115	181	0
119	197	1
114	219	1
104	207	0
110	173	0
160	235	1
91	242	0
164	214	1
98	184	0
92	247	0
96	193	0
161	222	1
109	242	0
109	220	1
82	167	0
100	230	0
137	239	1
133	242	1
90	126	0
109	193	0
114	224	0
108	170	0
119	229	0
144	217	1
118	241	0
141	227	1
99	195	0
100	251	0
163	211	1
65	224	1
91	153	0
103	184	0
118	211	1
94	216	1
96	200	0
115	161	0
146	223	1
92	166	0
95	228	1
111	220	0
145	214	1
101	229	0
101	191	0
105	240	0
186	229	1
91	220	1
135	205	1
155	219	1
107	138	0
96	164	0
110	202	0
91	253	0
173	216	1
100	211	1
100	256	0
147	226	1
195	223	1
118	221	0
110	216	1
115	220	0
87	226	1
111	213	1
90	182	0
107	200	1
134	218	1
103	260	0
103	192	0
100	155	0
98	179	0
158	219	1
112	221	1
101	175	0
121	217	1
109	234	1
106	168	1
91	178	0
101	180	0
95	210	1
113	198	0
90	248	0
113	221	1
120	180	0
136	220	1
91	246	0
125	228	1
98	209	0
95	255	0
162	234	1
130	228	1
136	208	1
86	164	0
87	220	1
139	213	1
133	223	1
107	232	1
91	183	0
187	224	1
142	217	1
95	207	0
96	195	1
98	216	0
109	204	0
86	114	0
100	186	0
131	213	1
93	226	1
95	215	0
97	214	0
94	217	1
112	197	0
102	183	0
196	217	1
97	209	1
126	232	1
120	225	1
90	207	1
79	167	0
141	214	1
96	174	0
102	215	1
88	184	0
98	187	0
99	265	0
87	189	0
122	227	0
147	233	1
101	236	0
109	220	0
141	216	1
99	210	1
99	233	1
100	200	0
132	217	1
109	205	0
131	222	1
109	210	0
88	216	1
89	225	1
144	223	1
86	213	0
99	210	0
88	174	0
84	231	0
175	220	1
118	214	0
87	142	0
117	213	1
100	226	1
93	212	0
96	218	0
106	193	0
100	209	0
124	218	1
109	215	0
81	204	0
165	209	1
86	211	0
100	193	0
90	202	0
107	157	0
80	243	0
112	192	0
180	217	1
112	179	0
94	201	0
118	147	0
97	210	0
93	139	0
109	196	0
87	209	0
119	235	0
106	228	1
107	207	0
111	184	0
104	215	0
82	182	0
106	223	1
146	206	1
100	132	0
71	221	1
167	236	1
121	217	1
105	174	0
100	222	0
110	176	0
102	240	0
141	235	1
126	234	1
79	224	1
86	203	1
75	218	1
89	210	0
89	265	0
134	215	1
101	186	0
105	172	0
100	192	0
104	192	0
106	194	0
108	253	0
165	206	1
100	238	1
105	204	0
98	240	0
96	193	0
139	211	1
83	189	0
75	221	0
120	226	1
87	240	1
97	253	0
102	193	0
119	232	1
168	221	1
139	228	1
101	243	0
133	224	1
108	221	0
106	175	0
94	212	0
163	217	1
87	205	0
153	202	1
63	215	1
127	224	1
105	208	1
116	210	1
95	220	1
67	212	1
88	165	0
100	197	0
109	211	1
144	218	1
117	193	0
99	226	0
173	230	1
80	214	1
153	231	1
87	218	1
117	191	0
126	230	1
124	224	1
96	157	0
132	212	1
110	250	0
107	220	1
117	269	0
103	215	0
129	228	1
118	215	1
127	236	1
116	204	0
102	218	1
148	207	1
94	213	0
109	222	1
108	238	0
120	229	1
104	247	0
141	207	0
148	211	1
174	215	1
109	217	1
129	219	1
153	225	1
96	223	1
102	149	0
93	210	0
104	202	0
95	169	0
113	217	1
111	230	0
115	239	0
117	220	1
116	243	0
125	220	1
86	235	0
99	200	0
110	220	1
122	208	1
111	223	1
111	220	0
94	152	0
111	189	0
100	152	1
151	232	1
108	206	0
102	173	0
99	224	0
70	229	1
93	223	1
94	174	0
100	199	0
103	140	0
102	159	1
98	200	0
102	182	0
87	191	0
136	224	1
92	226	0
105	178	0
106	200	0
128	217	1
96	226	1
117	174	0
126	229	1
87	174	0
84	217	0
130	230	1
96	226	1
123	200	1
57	222	1
89	192	0
102	243	0
94	217	0
109	240	1
107	224	1
125	226	1
101	163	0
165	215	1
104	221	0
123	192	0
59	213	1
115	212	0
174	217	1
100	213	0
191	213	1
87	150	0
101	223	1
100	184	0
111	194	0
82	195	0
108	176	0
131	204	1
120	214	1
109	203	0
94	171	0
109	199	1
85	193	0
103	172	0
112	216	1
95	197	0
105	232	0
102	211	0
97	213	0
99	235	0
156	211	1
172	217	1
87	178	0
73	237	1
105	224	1
109	200	0
87	285	0
155	227	1
100	200	0
126	211	1
133	216	1
108	223	1
56	231	1
120	214	1
119	228	1
94	211	0
97	207	0
64	223	1
92	154	0
139	210	1
98	185	0
81	199	1
89	147	0
140	236	1
110	177	0
146	229	1
135	218	1
76	226	1
78	221	1
110	226	1
112	193	0
104	188	0
84	208	1
115	179	0
97	177	0
104	204	0
108	166	0
89	232	1
111	221	1
160	213	1
95	213	0
98	169	0
106	246	0
85	210	1
105	226	1
84	205	1
99	199	0
79	208	1
67	213	1
99	209	0
134	220	1
108	228	1
105	207	0
109	214	1
94	224	0
115	209	1
105	212	0
100	213	0
140	223	1
96	199	0
86	159	0
105	218	0
105	244	0
118	237	1
99	186	0
155	218	1
157	233	1
107	189	0
92	218	1
105	218	0
89	224	1
113	200	1
109	202	0
126	210	1
113	223	1
137	211	1
101	209	1
92	189	0
114	215	0
130	228	1
103	218	1
104	198	0
133	220	1
119	202	1
106	203	1
120	217	0
107	227	0
110	218	1
83	213	1
122	209	1
102	186	0
160	225	1
94	146	1
99	166	0
116	142	0
128	247	1
133	220	1
125	204	1
134	219	1
114	220	1
90	239	0
120	229	1
103	156	0
148	227	1
121	206	0
147	206	1
91	171	0
107	208	1
150	230	1
143	209	1
89	238	0
107	189	0
131	214	1
100	181	0
70	223	1
107	233	1
115	152	0
140	219	1
111	233	1
96	224	1
109	217	0
97	228	1
111	208	1
118	197	0
108	180	0
151	223	1
103	217	1
97	188	0
108	209	0
162	216	1
98	242	0
116	223	1
99	224	0
74	220	1
99	192	0
111	190	0
123	222	1
103	286	0
97	203	0
101	169	0
129	222	1
117	225	1
109	218	1
108	200	0
104	194	0
76	227	0
134	239	1
116	220	1
100	259	0
160	216	1
97	212	1
97	226	1
72	224	0
102	149	0
130	205	1
169	207	1
105	196	0
117	160	0
135	232	1
138	207	1
142	241	1
100	219	0
108	200	1
114	230	0
83	201	0
70	218	1
100	201	0
125	225	1
102	208	0
151	219	1
100	221	1
117	209	1
77	207	1
114	117	0
143	217	1
104	213	0
110	182	0
111	200	0
153	229	1
81	194	0
81	249	1
93	240	0
157	223	1
91	224	0
104	189	0
130	224	1
109	227	1
100	203	1
101	196	0
110	192	0
137	198	1
81	232	1
92	160	0
114	220	1
100	156	0
145	226	1
97	212	0
71	211	1
144	222	1
92	214	0
100	181	0
138	210	1
152	211	1
133	213	1
93	260	0
97	234	1
110	223	1
133	233	1
90	222	1
124	222	1
129	217	1
137	228	1
165	236	1
100	213	1
147	197	1
114	219	1
85	231	0
90	195	0
106	216	0
83	198	1
108	178	0
87	209	0
50	209	1
174	210	1
96	213	0
111	154	0
97	177	0
96	216	1
106	201	0
137	232	1
131	218	1
138	220	1
118	196	0
121	215	1
133	234	1
148	225	1
88	200	0
95	187	0
83	217	1
104	232	0
139	211	1
175	235	1
96	200	0
130	223	1
110	219	1
98	208	0
102	202	0
154	219	1
127	234	1
136	217	1
122	209	0
97	200	0
62	222	1
140	205	1
92	250	0
112	241	1
62	210	1
109	214	1
82	232	0
112	220	1
87	172	0
109	210	0
141	219	1
105	231	0
171	227	1
100	186	0
90	162	0
94	228	0
172	224	1
100	170	0
120	201	0
114	230	0
114	235	0
127	219	1
119	223	1
155	233	1
93	222	1
108	225	1
106	186	0
110	220	0
89	203	0
131	230	1
85	164	0
116	211	1
100	165	0
103	162	0
119	224	1
98	199	0
120	162	0
81	214	1
108	220	1
106	191	0
109	198	0
90	209	0
112	253	0
90	200	0
148	228	1
120	155	0
130	217	1
98	209	0
111	205	1
92	210	1
155	226	1
98	197	0
116	206	0
106	229	0
110	165	0
148	221	1
113	193	0
129	215	1
114	230	1
105	197	0
103	254	0
104	178	0
78	218	1
78	187	0
96	224	1
89	198	0
103	203	0
113	195	0
101	187	0
107	200	0
150	220	1
56	213	1
158	210	1
163	205	1
108	209	0
88	141	0
114	156	0
144	220	1
105	188	0
90	177	0
105	174	0
90	176	0
86	235	0
106	213	1
92	232	0
100	159	0
112	222	0
65	214	1
113	234	1
161	222	1
97	220	1
108	196	0
86	174	0
103	229	0
99	152	0
121	220	1
137	223	1
93	239	0
105	192	0
87	240	0
84	200	0
99	214	1
100	223	0
57	226	1
123	220	1
103	243	0
89	209	0
123	194	1
122	221	1
77	232	1
100	242	0
123	196	0
138	233	1
98	237	0
127	205	1
78	227	0
156	208	1
114	241	0
128	240	1
106	221	1
97	249	0
117	225	1
105	203	0
94	196	0
149	225	1
97	195	0
92	136	0
99	241	0
91	182	0
120	235	1
79	210	1
97	165	0
108	160	0
101	179	0
96	236	0
134	221	1
84	218	1
120	230	1
89	157	0
144	211	1
128	221	1
109	228	0
99	176	0
103	250	0
90	213	0
104	180	0
164	212	1
92	217	1
94	224	0
85	220	1
106	213	1
76	233	0
104	216	1
109	220	1
93	164	0
70	228	1
107	232	1
106	209	0
170	232	1
99	258	0
84	208	1
123	217	1
97	202	0
133	214	1
107	214	1
99	183	0
106	223	0
104	199	0
108	172	0
95	245	0
94	225	1
121	214	1
69	220	1
129	208	1
111	227	0
100	228	0
95	151	0
185	220	1
81	225	1
154	222	1
84	231	1
113	229	0
141	220	1
154	229	1
137	221	1
102	222	1
101	220	1
90	220	1
52	214	1
101	187	0
76	181	0
92	217	0
101	206	0
111	223	1
158	223	1
123	220	1
100	183	0
110	239	1
108	183	0
94	164	0
109	201	0
90	234	1
105	123	0
139	219	1
85	264	0
105	221	1
109	171	0
120	224	1
120	204	1
100	174	0
134	210	1
110	199	1
128	205	1
97	215	0
106	166	0
102	228	1
96	189	0
134	205	1
82	208	0
107	203	0
136	220	1
99	211	0
89	197	0
120	222	1
115	207	0
59	229	1
105	223	1
105	203	0
120	229	1
93	176	0
92	185	0
135	196	1
146	214	1
98	204	0
100	200	0
112	233	0
111	247	0
160	219	1
155	220	1
105	220	0
94	223	1
100	227	1
166	218	1
127	215	1
134	209	1
87	180	0
94	213	1
149	229	1
103	221	1
122	233	1
108	206	0
115	220	1
85	166	0
120	202	1
84	252	0
107	219	0
150	232	1
96	186	0
80	205	1
83	181	0
96	222	1
109	200	0
82	218	1
100	218	1
134	228	1
60	225	1
130	206	1
141	224	1
155	212	1
97	200	0
99	180	0
108	217	1
114	130	0
155	196	1
145	236	1
111	212	0
203	220	1
100	221	0
93	231	0
74	223	1
151	225	1
96	228	1
128	223	1
147	208	1
101	185	0
99	191	0
82	232	1
97	194	0
122	212	1
96	181	0
79	215	0
120	226	1
148	207	1
91	189	0
84	200	0
111	203	0
158	219	1
109	279	0
145	224	1
104	234	0
100	249	0
98	173	0
102	227	1
152	215	1
100	167	0
146	214	1
97	143	0
104	146	0
102	225	0
135	224	1
92	194	0
122	215	1
109	203	0
115	222	1
104	220	0
122	217	1
87	173	0
115	184	0
111	256	0
156	202	1
61	220	1
106	200	0
118	213	1
140	227	1
87	220	1
108	175	0
87	239	0
102	244	1
90	168	0
87	208	0
98	225	1
115	195	0
99	183	0
101	179	0
132	221	1
121	210	1
137	212	1
79	224	1
99	149	0
120	214	1
98	149	0
85	218	0
109	249	0
124	221	1
103	223	1
88	239	0
86	226	1
100	210	0
152	213	1
95	201	0
73	239	0
71	211	1
193	217	1
171	215	1
141	235	1
131	208	1
103	215	0
158	220	1
104	204	1
123	215	1
164	205	1
88	175	0
122	204	1
125	220	1
100	215	1
90	168	0
120	211	1
136	205	1
131	207	1
99	190	0
80	191	0
119	185	0
112	231	1
88	221	1
92	204	0
103	159	0
109	172	0
115	233	1
129	216	1
96	218	1
38	213	1
105	215	1
107	204	0
122	225	1
92	184	0
95	194	0
108	197	0
109	215	1
146	210	1
91	175	0
113	197	0
70	220	1
104	183	0
129	205	1
114	201	0
83	226	1
133	220	1
95	187	0
103	174	0
93	202	1
106	237	0
92	207	1
74	227	1
161	210	1
138	222	1
116	219	1
79	238	0
107	220	1
113	194	0
99	214	1
103	152	0
110	215	1
128	220	1
110	203	1
97	221	0
95	226	1
102	125	0
134	217	1
95	235	0
112	216	1
98	189	0
114	205	0
130	226	1
107	228	1
103	215	1
99	179	0
128	205	1
93	215	1
143	210	1
123	226	1
149	226	1
88	227	0
100	173	0
94	215	0
100	221	1
101	203	0
94	209	1
81	258	0
95	223	0
102	222	1
92	188	0
100	186	0
86	228	1
88	213	1
112	209	0
84	198	0
78	246	0
105	233	0
105	223	0
122	150	0
101	236	0
154	223	1
109	229	1
97	153	0
104	175	0
87	201	0
106	268	0
84	191	0
100	187	0
75	212	0
161	217	1
102	201	0
92	204	1
112	235	0
110	171	0
106	182	0
111	226	1
158	209	1
119	227	1
103	229	1
179	208	1
96	183	0
154	221	1
100	217	1
89	218	1
103	157	0
82	187	0
117	197	0
65	224	1
144	206	1
140	216	1
142	223	1
103	196	0
84	199	0
127	212	1
105	190	0
96	191	0
144	202	1
143	223	1
133	222	1
94	163	0
105	214	1
101	182	0
80	207	1
79	219	1
104	228	1
152	214	1
130	207	1
154	212	1
102	226	0
134	214	1
107	223	1
98	196	0
110	199	0
149	218	1
93	225	0
145	206	1
125	209	1
112	195	0
108	226	1
82	231	1
92	220	1
95	168	0
111	231	0
76	221	0
129	221	1
104	198	0
88	178	0
126	248	1
184	199	1
56	209	1
111	246	1
116	213	1
102	185	0
119	200	0
109	205	0
92	197	0
105	149	0
156	213	1
90	247	0
120	234	1
96	210	1
102	140	0
89	232	1
109	234	0
131	210	1
100	212	1
97	158	0
102	166	0
107	197	0
88	203	0
120	213	1
116	153	0
101	217	1
117	229	0
133	224	1
135	215	1
111	190	0
96	196	0
162	208	1
94	193	0
123	192	0
108	233	1
120	214	1
145	202	1
165	222	1
129	219	1
26	187	1
94	224	1
101	197	0
143	228	1
97	247	0
109	176	0
124	222	1
98	200	0
115	222	1
147	204	1
116	205	1
63	209	1
127	197	1
88	163	0
85	251	0
163	202	1
81	209	1
108	232	1
127	228	1
113	186	0
84	126	0
96	195	0
104	213	1
111	249	0
96	157	0
103	201	0
163	217	1
160	218	1
106	225	0
101	248	0
88	202	0
161	214	1
122	201	1
138	218	1
139	225	0
99	200	0
114	221	1
165	208	1
138	228	1
106	211	1
82	237	0
98	219	1
94	202	0
100	229	0
96	242	0
92	215	1
104	237	0
87	188	0
96	200	0
106	154	0
100	166	0
174	216	1
151	213	1
113	209	0
107	191	0
140	252	1
89	230	0
101	196	0
93	167	0
73	215	1
120	207	1
77	201	0
178	247	1
106	219	1
120	232	1
85	170	0
104	197	0
142	213	1
104	263	0
120	212	1
127	221	1
105	209	0
88	174	0
86	223	1
122	220	0
99	220	1
108	228	1
91	199	0
87	205	0
102	220	0
138	222	1
120	212	1
81	230	0
96	171	0
120	216	1
163	227	1
110	177	0
155	219	1
105	214	1
100	239	0
100	168	0
122	206	1
85	215	0
108	238	1
171	214	1
126	212	1
122	223	0
80	155	0
101	220	0
86	210	0
46	226	1
101	222	0
149	225	1
61	200	1
144	240	1
134	238	1
97	212	1
100	179	0
131	178	0
112	207	1
116	227	1
97	227	0
117	205	0
100	215	0
100	201	0
96	192	0
111	183	0
92	209	0
115	213	1
103	203	1
105	203	0
95	192	0
100	235	0
136	226	1
85	198	0
98	205	0
92	231	0
104	230	1
155	231	1
102	165	0
130	212	1
137	212	1
91	203	1
125	244	1
127	225	1
96	170	0
104	231	1
136	235	1
120	211	1
88	225	1
72	213	1
162	232	1
112	246	0
143	211	1
97	196	1
112	204	0
112	188	0
94	200	0
97	228	1
96	214	0
163	218	1
109	182	0
102	173	0
84	230	0
122	203	1
87	232	1
103	176	0
91	235	1
111	254	0
94	165	0
138	223	1
102	199	0
97	150	0
104	175	0
100	206	0
127	216	1
106	233	0
96	223	1
84	235	0
57	215	1
118	206	0
83	214	0
149	227	1
118	232	1
102	221	0
113	220	0
167	221	1
116	212	1
114	182	0
82	212	0
117	216	1
155	219	1
114	217	1
105	264	0
102	257	0
122	237	1
100	274	0
93	229	1
131	217	1
107	256	0
108	213	0
100	193	0
95	216	1
147	216	1
134	232	1
107	210	1
116	250	0
91	201	0
154	217	1
80	225	0
159	209	1
66	224	1
95	236	0
84	219	0
111	207	1
104	165	0
85	231	1
126	138	0
128	217	1
115	171	0
101	212	0
118	189	1
101	236	0
152	218	1
108	207	1
106	228	1
104	218	0
121	222	1
176	205	1
108	207	0
98	214	0
100	262	0
96	252	0
106	244	0
99	239	1
98	232	1
194	231	0
137	210	1
88	208	1
92	176	0
135	199	1
115	210	0
152	217	1
71	203	1
109	220	1
142	207	1
171	219	1
87	213	1
92	171	0
110	176	0
146	208	1
97	222	0
93	148	0
93	252	0
169	218	1
106	225	0
119	216	1
121	224	1
169	218	1
106	225	1
133	219	1
134	218	1
92	163	0
96	148	0
94	228	0
87	202	0
149	213	1
111	173	0
121	215	1
126	223	1
96	187	0
107	211	1
119	221	0
113	198	0
132	229	1
98	212	0
104	221	1
87	215	1
77	219	1
115	224	1
103	161	0
93	212	1
109	212	0
104	264	0
91	166	0
118	223	1
160	227	1
101	191	0
106	219	1
122	223	1
109	221	1
92	218	0
128	235	1
146	213	1
113	200	1
102	220	1
163	201	1
106	226	1
129	225	1
82	222	1
142	222	1
89	210	1
98	268	0
103	155	0
133	207	1
118	196	1
112	154	0
116	154	0
99	187	0
102	217	1
134	220	1
167	227	1
105	262	0
75	219	1
88	214	1
99	185	0
96	168	0
101	202	0
153	215	1
107	189	0
89	217	1
101	181	0
103	206	0
120	210	1
86	183	0
140	243	1
102	210	1
124	207	0
109	220	1
67	224	1
84	218	1
100	202	0
102	205	0
76	219	1
114	224	0
109	215	1
118	205	0
88	148	0
123	222	1
180	228	1
108	213	1
106	193	0
97	246	0
114	176	0
121	210	1
144	228	1
130	220	1
135	217	1
144	218	1
95	178	0
95	182	0
115	212	1
94	220	0
66	207	1
97	129	0
85	224	1
111	185	0
147	223	1
99	152	0
87	211	0
75	213	1
100	208	0
84	186	0
96	203	0
158	215	1
113	198	0
82	226	0
100	200	0
145	220	1
81	246	1
110	224	1
92	177	0
95	186	0
162	216	1
100	233	0
121	224	1
80	219	1
109	187	0
146	214	1
139	214	1
104	241	1
109	226	1
98	223	0
109	244	1
178	212	1
111	259	0
42	211	1
100	170	0
89	196	0
97	233	0
95	227	0
126	212	1
89	182	0
102	225	0
74	212	1
104	190	0
97	247	1
108	212	1
61	201	1
117	225	1
132	218	1
95	157	0
85	140	0
95	201	0
111	228	0
96	185	0
109	206	0
143	234	1
104	233	1
149	236	1
64	212	1
111	207	1
144	226	1
95	223	1
100	192	0
92	175	0
127	211	1
112	219	0
145	208	1
100	188	0
85	206	0
103	188	0
112	214	0
119	205	1
106	232	0
162	220	1
154	223	1
94	216	0
131	224	1
76	221	1
93	222	0
107	193	0
91	218	0
86	217	1
134	223	1
103	221	1
107	206	1
83	232	1
93	222	1
86	189	0
114	217	1
146	214	1
120	236	1
170	223	1
99	192	0
84	230	0
148	230	1
128	225	1
93	237	0
116	214	0
104	198	0
86	203	1
106	196	1
173	202	1
76	119	0
171	216	1
139	238	1
89	213	0
90	193	0
93	214	0
106	245	1
91	251	0
126	220	1
130	205	1
92	213	0
124	200	1
69	209	1
125	222	1
123	220	1
100	229	0
93	219	0
98	229	1
115	217	1
53	221	1
82	226	1
106	225	0
104	205	0
118	234	0
52	210	1
119	210	1
95	192	0
116	194	0
88	233	0
171	216	1
91	248	0
95	221	1
95	214	1
110	196	0
144	224	1
113	227	1
101	225	0
108	193	0
101	192	0
121	225	1
145	230	1
135	232	1
38	223	1
112	220	0
150	237	1
97	175	0
89	236	0
111	196	0
100	230	1
79	212	1
91	199	0
133	217	1
97	201	0
94	221	0
81	202	0
104	181	0
87	235	0
169	223	1
93	131	0
74	228	1
95	190	0
95	193	0
116	191	0
99	170	0
96	229	1
117	204	1
142	222	1
96	191	1
109	208	0
102	219	0
91	172	0
163	222	1
119	214	1
110	208	0
134	219	1
110	222	0
133	213	1
217	215	1
92	220	0
106	158	0
120	248	1
102	236	0
126	215	1
101	192	0
120	228	0
100	192	0
61	229	1
114	104	0
113	220	1
85	170	1
95	201	0
133	219	1
114	216	1
109	170	0
83	169	0
105	177	0
110	192	0
109	182	0
135	221	1
88	212	0
120	218	1
107	223	1
159	220	1
128	228	1
93	185	0
110	215	1
77	196	0
115	245	0
90	196	0
158	224	1
122	225	1
114	174	0
86	215	1
174	237	1
90	263	0
96	199	0
81	85	0
94	178	0
151	223	1
160	217	1
125	200	0
147	211	1
180	217	1
93	261	0
93	246	0
102	159	0
72	212	1
98	178	0
119	196	0
114	191	0
80	224	1
133	207	0
105	221	1
101	222	0
112	209	0
129	226	1
104	188	0
86	190	0
135	209	1
121	256	0
100	215	0
82	231	1
81	166	0
103	245	0
97	208	1
103	211	1
111	164	0
104	220	1
140	217	1
136	232	1
156	220	1
90	144	0
112	231	0
109	226	1
91	230	0
72	199	0
99	190	0
87	197	0
62	237	1
158	214	1
84	172	0
114	199	0
99	230	1
113	181	0
187	223	1
92	200	0
93	163	0
108	161	0
86	184	0
82	223	1
97	270	0
70	216	1
89	201	0
91	197	0
104	168	0
86	207	0
107	165	0
104	195	0
92	196	0
100	257	0
93	216	1
97	192	0
108	217	0
156	208	1
106	219	1
133	224	1
134	212	1
120	226	1
97	233	0
91	168	0
103	180	0
82	215	0
68	224	1
100	170	0
135	220	1
113	194	0
102	137	0
74	237	1
133	217	1
94	187	0
89	215	1
103	214	1
144	221	1
77	215	1
111	232	0
100	188	0
122	224	1
152	218	1
110	216	0
112	224	0
153	205	1
97	210	1
70	201	1
88	232	0
142	220	1
77	172	0
93	208	0
97	129	0
118	221	1
157	223	1
106	252	0
119	157	0
78	208	1
73	206	1
131	220	1
117	218	0
90	154	0
107	221	1
111	216	0
82	218	1
93	208	0
116	195	0
104	229	1
72	220	1
135	239	1
83	201	1
94	218	0
175	206	1
143	226	1
89	203	0
125	225	1
116	234	1
150	233	1
102	238	1
109	165	0
120	200	0
115	220	1
98	236	0
120	220	1
107	227	1
135	214	1
105	203	0
112	201	1
142	220	1
97	197	0
106	200	0
118	204	1
91	157	0
100	202	0
113	158	0
86	183	0
83	210	1
136	229	1
138	225	1
122	212	1
100	173	0
120	214	1
122	187	0
84	224	0
125	221	1
167	226	1
110	220	1
98	209	1
105	209	1
111	217	0
98	208	0
99	217	0
53	220	1
102	227	0
122	223	1
98	161	0
101	178	0
123	196	0
113	196	0
168	213	1
82	223	1
110	215	0
98	143	0
108	219	0
56	211	1
66	235	1
124	225	1
114	234	0
83	142	0
96	183	0
124	229	1
92	158	0
98	232	1
101	221	0
102	245	0
104	216	0
106	221	0
112	159	0
93	220	1
166	214	1
114	215	0
88	216	1
91	197	0
98	228	1
99	222	1
104	220	0
106	230	1
112	266	0
106	213	0
114	221	0
86	189	0
179	207	1
112	220	1
61	225	1
99	236	1
114	223	1
136	216	0
82	224	0
96	248	0
133	238	1
114	211	1
116	231	1
109	164	0
154	226	1
115	230	1
99	145	0
80	219	0
119	184	0
108	244	0
107	221	0
137	216	1
129	227	1
168	206	1
110	182	0
104	205	0
120	224	1
88	184	0
84	216	1
169	217	1
132	211	1
176	230	1
104	216	1
76	239	0
97	227	1
97	207	0
111	160	0
147	229	1
110	199	1
85	188	0
115	215	1
136	232	1
105	214	1
100	189	0
102	173	0
99	176	0
116	230	1
173	214	1
110	186	0
90	179	0
112	220	1
115	169	0
101	195	0
107	175	0
64	234	1
89	196	0
150	233	1
106	213	1
87	220	1
107	214	1
133	222	1
115	225	1
118	213	1
165	226	1
124	220	1
116	234	0
97	195	0
79	187	0
80	238	0
97	209	1
112	214	1
104	230	0
104	219	0
103	224	1
104	225	0
98	213	1
97	175	0
99	188	0
117	235	1
112	180	0
91	240	0
97	222	0
143	220	1
88	194	0
100	243	0
99	225	0
126	219	1
90	204	1
75	233	1
147	224	1
103	162	0
87	179	0
140	203	1
105	231	1
100	219	0
62	220	1
162	224	1
166	214	1
102	223	1
104	236	0
105	210	1
122	221	1
208	257	1
102	207	0
187	210	1
101	193	0
117	222	1
101	211	1
116	224	1
87	212	1
93	230	1
100	228	0
102	180	0
97	204	0
88	174	0
100	200	0
104	197	0
84	148	0
82	220	1
103	229	1
56	220	0
175	224	1
113	223	0
126	214	1
134	224	1
151	216	1
104	205	1
90	226	0
119	207	1
74	205	0
100	227	0
97	169	0
93	167	0
110	222	1
74	234	1
105	219	1
104	239	0
108	160	0
97	205	1
98	232	0
143	204	1
148	204	1
120	217	1
135	228	1
96	185	0
100	196	0
104	175	0
110	225	0
83	218	1
91	153	0
147	219	1
90	225	0
94	216	1
113	226	1
105	231	0
142	230	1
116	229	1
113	209	0
93	229	1
114	210	1
116	209	1
117	216	1
103	136	0
193	220	1
185	224	1
100	180	0
130	219	1
102	197	0
102	258	0
93	211	1
101	210	1
132	228	1
97	218	1
93	200	0
122	215	1
117	162	0
103	194	0
182	229	0
83	181	0
106	220	0
103	233	1
165	217	1
72	194	0
89	182	0
105	203	0
89	208	0
119	168	0
133	197	1
117	258	0
98	220	0
101	180	0
99	229	1
105	172	0
100	241	0
117	254	0
99	223	1
107	208	0
126	203	1
181	215	1
107	198	0
94	194	0
100	224	0
75	227	1
133	218	1
100	231	0
136	209	1
157	209	1
67	228	1
85	220	1
107	235	0
100	226	0
139	235	1
111	143	0
99	229	1
171	228	1
159	190	1
178	221	1
150	222	1
100	159	0
134	227	1
93	186	0
111	226	0
106	203	1
97	234	0
97	176	0
106	229	0
138	210	1
117	234	0
120	219	1
91	220	1
149	227	1
110	230	1
99	208	1
186	222	1
154	209	0
103	154	0
65	216	1
112	172	0
105	252	0
89	210	1
122	211	1
61	201	1
89	211	1
172	199	1
97	258	0
151	222	1
102	206	0
103	247	0
105	219	1
116	211	0
99	198	0
99	179	0
120	213	1
100	206	0
120	221	1
101	219	0
122	213	1
157	215	1
68	218	1
99	221	1
186	228	1
105	229	0
102	216	1
105	222	1
127	231	1
110	231	1
138	216	1
104	229	0
111	210	0
94	270	0
149	221	1
78	221	1
84	180	0
111	173	0
92	223	0
120	217	1
95	257	0
98	229	0
153	219	1
120	180	0
173	229	1
86	219	0
104	237	1
98	184	0
94	225	0
120	215	1
44	225	1
121	222	1
95	222	1
85	202	1
99	196	0
86	233	0
78	202	0
124	219	1
100	205	0
96	228	0
100	243	0
139	223	1
112	216	1
106	204	0
101	222	0
71	229	1
104	227	0
120	148	0
99	170	0
115	210	1
105	236	1
52	220	1
95	204	0
96	205	0
125	213	1
126	230	1
103	219	0
82	231	1
95	226	1
104	200	1
91	200	0
89	170	0
86	185	0
106	183	0
84	213	0
96	179	0
103	240	1
136	220	1
128	210	1
108	177	0
98	130	0
108	192	0
93	206	0
141	204	1
100	227	1
112	200	0
128	230	1
98	217	1
141	215	1
78	226	1
93	175	0
135	230	1
67	222	1
196	232	1
87	223	1
113	230	1
63	208	1
107	210	0
82	227	0
135	212	1
119	169	0
111	167	0
79	220	1
112	225	1
107	253	0
105	219	1
107	216	1
106	232	0
102	221	0
117	176	0
100	219	0
113	164	0
86	136	0
124	190	1
114	225	1
110	225	0
112	215	0
97	195	0
129	227	1
115	227	0
161	203	1
96	209	0
108	204	0
161	244	1
91	247	0
153	213	1
79	165	0
110	200	0
71	215	1
131	221	1
96	252	0
154	225	1
106	226	1
90	242	0
96	220	1
72	221	1
94	236	0
130	218	1
127	207	1
79	172	0
94	190	0
107	169	0
154	223	1
85	262	0
110	224	1
110	210	1
113	226	1
134	220	1
158	220	1
108	148	0
125	229	1
124	204	0
120	214	1
115	233	1
119	210	1
105	228	0
83	180	0
192	219	1
99	229	1
129	203	0
102	161	0
81	218	1
91	190	0
85	243	1
100	216	1
161	221	1
116	200	0
120	222	1
89	214	0
111	175	0
140	230	1
129	239	1
107	205	0
101	188	0
125	224	1
70	223	1
143	210	1
81	215	1
117	282	0
93	177	0
120	228	1
94	170	0
152	235	1
100	156	0
89	229	1
73	204	1
98	168	0
96	168	0
113	230	1
92	208	0
153	217	1
120	192	1
94	201	0
94	176	0
93	162	0
106	221	1
100	259	0
84	238	1
94	262	0
111	236	1
159	216	1
105	217	0
113	200	0
72	201	1
112	206	0
151	214	1
88	210	0
98	222	1
138	211	1
102	228	1
75	234	1
127	223	1
72	219	1
90	223	1
109	206	1
122	204	1
127	219	0
146	227	1
78	151	0
112	166	0
140	218	1
125	198	1
103	215	0
91	182	0
86	142	0
116	190	0
101	246	0
87	221	1
182	209	1
68	223	1
146	219	1
153	229	1
91	183	0
129	225	1
150	229	1
85	186	0
142	211	1
115	207	0
89	209	0
102	194	0
104	215	1
86	223	1
189	210	1
106	225	1
59	224	1
89	228	0
101	190	0
174	218	1
96	159	0
159	222	1
64	225	1
103	179	0
137	221	1
119	227	1
94	203	0
108	176	0
102	191	0
87	209	0
110	213	0
107	201	0
88	227	0
103	220	0
177	211	1
108	209	0
106	180	0
111	197	0
102	263	0
104	206	0
112	232	1
81	226	1
147	220	1
106	219	0
100	157	0
125	228	1
100	204	0
100	192	0
107	191	0
67	220	1
113	181	0
62	210	1
103	169	0
102	184	0
61	223	1
92	174	0
104	241	0
150	237	1
156	246	1
161	221	1
134	201	1
109	234	1
115	243	0
94	158	0
164	211	1
103	184	0
149	215	1
169	211	1
99	254	0
139	221	1
91	252	0
145	228	1
103	179	0
124	218	1
108	217	1
119	216	1
106	227	0
92	185	0
191	220	1
118	220	1
121	227	0
114	209	1
90	147	0
106	173	0
135	217	1
97	210	0
175	215	1
87	223	1
104	220	1
100	207	0
107	169	0
107	214	0
127	203	1
130	222	1
129	207	1
111	235	1
140	225	1
201	216	1
73	224	1
106	245	0
92	196	0
158	227	1
108	180	0
113	220	1
153	217	1
102	165	0
89	187	0
88	181	0
106	226	0
192	240	1
89	233	1
114	203	0
69	218	1
103	210	0
167	205	1
101	220	1
119	190	0
125	234	1
93	194	0
172	205	1
92	154	0
95	222	1
88	171	0
115	226	1
111	230	1
100	230	0
131	222	1
93	161	0
128	285	0
171	205	1
94	223	0
111	210	1
88	214	0
88	235	0
103	245	0
105	128	0
118	228	0
71	209	1
114	210	0
129	226	1
97	204	1
141	218	1
109	163	0
88	228	0
165	241	1
79	206	0
82	201	0
128	230	1
98	227	1
126	218	1
139	223	1
114	220	1
117	127	0
91	204	0
92	214	0
112	207	0
100	197	0
144	206	1
104	234	1
100	213	1
108	208	0
105	183	0
99	226	0
96	174	0
75	185	0
141	220	1
108	236	1
51	211	1
79	217	1
101	199	1
134	216	1
115	193	0
84	230	0
82	184	0
135	204	1
115	209	1
100	203	0
115	174	0
131	211	1
82	177	0
155	237	1
138	216	1
120	209	1
106	241	0
157	225	1
165	228	1
91	118	0
86	231	0
101	159	0
105	205	0
102	186	0
133	210	1
96	192	0
101	128	0
101	215	0
101	247	0
136	209	1
107	212	0
98	218	0
115	219	0
118	207	1
84	208	0
105	193	0
133	211	1
96	162	0
99	226	0
90	218	0
127	217	1
129	233	1
109	205	1
87	229	1
130	229	1
63	227	1
104	173	0
94	228	0
116	239	1
154	230	1
162	231	1
85	240	1
64	226	1
108	219	1
159	214	1
112	210	0
177	225	1
115	201	1
55	214	1
108	221	1
117	218	1
102	142	0
130	218	1
94	185	0
91	165	0
156	216	1
92	212	1
157	227	1
112	220	0
94	227	0
110	161	0
143	216	1
82	201	1
121	205	0
145	236	1
87	128	0
89	219	1
107	222	1
95	245	1
81	224	1
99	225	0
99	230	1
112	229	1
89	216	1
104	218	1
88	203	0
99	224	0
90	224	1
94	262	0
105	266	0
101	185	0
99	165	0
100	259	0
104	203	1
86	240	0
134	218	1
89	194	0
101	203	0
183	220	1
125	231	1
114	229	0
109	230	1
116	213	1
87	210	0
126	221	1
101	145	0
105	230	0
97	232	0
135	207	1
113	234	1
97	184	0
92	229	0
63	216	1
115	185	0
96	223	1
128	223	1
91	224	0
98	197	0
99	217	0
94	165	0
134	223	1
105	152	0
144	218	1
96	191	0
113	238	1
98	262	0
108	186	0
87	221	1
113	194	0
96	245	0
91	194	0
127	228	1
96	166	0
100	229	0
101	228	1
147	210	1
112	234	1
128	204	1
122	213	1
94	213	0
100	220	1
162	219	1
113	221	1
109	225	1
110	223	1
82	219	1
141	223	1
94	219	1
172	199	1
122	233	1
86	199	0
116	208	1
100	209	0
99	200	0
138	206	1
81	226	1
111	227	0
103	264	0
100	195	0
148	216	1
133	220	1
122	213	1
90	183	0
73	220	1
79	225	1
115	198	0
100	199	0
100	208	1
116	194	0
97	175	0
120	220	1
93	224	1
104	135	0
121	232	1
114	202	1
75	230	1
113	203	1
88	174	0
111	214	0
115	220	1
152	203	1
129	221	1
132	210	1
86	192	0
96	188	0
93	224	1
137	226	1
118	210	1
104	147	0
102	220	0
76	220	1
90	267	0
100	167	0
93	214	0
116	220	0
102	215	0
78	197	0
121	219	1
89	227	0
97	231	0
154	201	1
100	151	0
111	228	1
84	240	0
171	228	1
160	228	1
97	191	0
113	209	0
166	238	1
92	194	0
96	184	0
86	185	0
100	200	0
157	220	1
126	211	1
91	191	0
107	185	0
100	205	0
85	210	1
106	197	0
85	181	0
186	223	1
98	244	1
102	231	0
113	222	1
99	162	0
142	221	1
91	227	1
115	212	0
135	222	1
109	189	0
179	215	1
142	210	1
206	222	1
99	208	1
80	188	0
88	225	1
103	223	1
114	228	1
118	210	0
89	202	1
85	220	0
86	229	1
98	173	0
167	218	1
164	219	1
101	228	1
134	223	1
97	230	1
92	231	0
100	202	0
95	237	0
136	231	1
109	217	0
94	218	1
105	224	1
112	226	1
101	208	1
102	219	1
103	167	0
105	216	0
94	195	0
90	164	0
117	209	1
108	205	0
94	221	0
107	182	0
116	256	0
120	223	1
97	216	0
70	224	1
116	175	0
99	132	0
87	182	0
73	265	0
140	224	1
118	174	0
100	227	1
94	196	0
117	220	1
129	212	1
105	181	0
150	223	1
143	215	1
153	220	1
98	227	1
95	194	0
134	216	1
87	171	0
130	222	1
90	216	1
159	216	1
120	220	1
85	220	1
114	261	0
69	218	1
109	211	1
107	131	0
97	176	0
102	187	0
108	214	1
126	215	1
114	221	1
183	225	1
84	200	1
77	236	1
107	192	0
103	200	0
89	218	0
96	214	0
111	205	0
115	192	1
149	220	1
87	227	1
100	154	0
99	224	1
94	166	0
124	218	1
108	240	1
104	210	0
124	212	1
137	221	1
114	228	0
111	218	0
78	220	1
88	222	1
90	218	1
163	232	1
118	148	0
85	222	1
97	197	0
99	165	0
101	216	0
93	165	0
82	204	1
105	153	0
99	165	0
106	249	0
98	164	0
98	215	1
94	142	0
96	204	0
97	218	1
164	224	1
81	195	0
104	237	0
109	219	0
151	224	1
152	218	1
106	265	0
45	204	1
97	156	0
142	197	1
120	220	1
80	221	1
118	228	1
94	200	0
108	209	1
158	224	1
125	228	1
119	212	1
98	181	0
102	156	0
135	229	1
108	230	1
151	223	1
116	174	0
125	208	1
91	229	0
93	183	0
87	218	0
145	227	1
125	216	1
74	217	1
100	214	0
112	207	0
98	238	0
151	213	1
105	211	1
144	211	1
101	187	0
130	217	1
112	215	0
97	190	0
124	211	1
117	206	1
99	232	0
147	201	1
76	220	1
89	183	0
164	221	1
96	223	0
91	236	1
100	183	0
159	230	1
109	218	1
91	192	0
88	228	1
122	219	1
90	266	0
133	218	1
127	210	1
104	163	0
161	226	1
88	180	1
96	222	1
121	236	1
61	220	1
66	227	1
102	217	0
102	182	0
100	254	0
135	220	1
124	215	1
96	206	0
55	221	1
84	224	1
92	220	1
101	211	0
85	212	1
100	223	0
121	213	1
107	211	1
118	219	1
150	218	1
109	154	0
120	217	1
97	239	0
135	236	1
96	226	1
131	205	1
143	221	1
83	165	0
51	200	1
98	188	0
99	153	0
94	241	0
101	215	1
99	139	0
98	200	0
112	225	1
159	212	1
150	220	1
127	231	1
108	233	0
161	230	1
112	220	1
107	198	0
111	227	0
143	228	1
113	232	1
72	221	1
147	233	1
117	213	1
93	213	1
95	210	0
126	217	1
101	231	0
128	208	1
117	223	1
113	194	1
120	214	1
117	200	0
97	146	0
115	226	1
95	232	0
125	230	1
95	217	1
104	206	1
107	186	0
167	229	1
101	228	0
108	192	0
93	249	0
136	231	1
103	212	1
121	222	1
137	235	1
164	214	1
126	204	1
84	214	0
96	182	0
91	169	0
99	206	0
100	248	0
118	181	0
76	237	1
149	223	1
120	215	1
90	210	0
110	187	0
126	214	1
112	238	1
110	215	1
96	200	0
125	157	0
99	180	0
108	223	0
98	183	0
89	225	0
76	219	1
100	222	0
102	191	0
113	185	0
81	218	0
100	226	0
107	194	0
88	219	0
109	226	1
124	220	1
177	203	1
198	220	1
90	138	0
74	220	1
96	218	1
118	224	1
93	243	0
100	218	0
67	220	1
122	169	0
113	206	1
131	224	1
111	157	0
175	209	1
101	222	1
45	212	1
85	240	0
150	228	1
109	248	0
83	182	0
87	234	1
103	220	1
91	206	0
110	224	1
100	191	0
103	164	0
168	221	1
130	220	1
105	204	0
158	215	1
129	211	1
120	218	1
94	213	1
145	214	1
116	184	0
87	218	0
109	193	0
136	220	1
94	179	0
108	204	0
103	225	1
95	156	0
143	218	1
102	198	0
109	222	1
108	180	0
133	215	1
131	225	1
89	230	0
93	225	1
108	200	0
103	233	0
112	227	1
148	209	1
101	225	0
96	236	1
33	227	1
164	206	1
118	225	1
116	207	0
100	162	0
103	239	1
110	217	1
54	218	1
106	220	1
110	200	0
182	205	1
91	224	0
109	167	0
118	199	0
101	214	1
100	223	0
83	202	1
99	228	1
95	192	0
185	208	1
95	217	0
143	206	1
122	222	0
87	207	0
161	219	1
101	201	0
110	187	0
103	191	0
107	240	1
97	180	0
100	167	0
125	201	0
106	186	0
125	215	1
126	220	1
106	204	0
139	203	1
138	218	1
80	224	1
135	204	1
113	205	0
76	156	0
85	180	0
97	197	0
90	182	0
113	143	0
95	189	0
93	201	0
47	227	1
109	140	0
129	226	1
183	210	1
86	219	0
100	196	0
123	226	1
97	225	1
111	227	0
121	214	1
99	222	1
95	200	0
104	192	0
111	199	0
130	228	1
101	239	0
125	234	1
100	228	0
148	218	1
119	223	1
114	218	1
135	215	1
189	217	1
157	227	1
108	204	1
103	177	0
93	234	0
119	211	1
49	225	1
141	225	1
100	97	0
153	226	1
138	193	1
120	220	0
149	227	1
99	147	0
114	187	0
66	227	1
93	218	1
87	217	1
88	214	0
102	212	1
83	222	1
110	219	1
86	196	0
100	232	0
105	240	1
124	220	1
122	228	1
130	230	1
107	198	0
142	205	1
67	209	1
94	220	0
89	242	0
89	179	0
134	226	1
91	229	1
104	197	0
91	216	0
98	200	0
108	158	0
96	200	0
89	148	0
115	231	1
82	207	0
89	222	1
122	217	1
101	228	1
96	260	0
161	241	1
92	178	0
80	229	1
145	218	1
116	192	0
99	199	0
93	200	0
99	210	0
112	199	0
165	222	1
94	202	0
92	229	0
106	240	0
126	221	1
114	185	0
111	220	1
92	197	0
88	243	1
131	224	1
118	219	0
100	258	0
85	201	0
60	210	1
88	219	1
111	188	0
141	226	1
150	216	1
97	197	0
70	200	1
124	217	1
98	221	1
140	216	1
103	188	0
104	161	0
109	154	0
101	146	0
189	236	1
98	207	1
105	209	0
117	215	1
118	223	1
168	228	1
116	217	1
116	210	1
103	156	0
102	195	0
121	233	0
109	189	0
111	214	0
75	199	1
99	203	0
103	159	0
96	165	0
99	193	0
92	254	0
95	205	0
154	220	1
120	213	1
90	166	0
98	206	0
134	203	1
136	220	1
113	161	0
164	215	1
115	216	1
134	232	0
118	235	1
115	210	1
149	213	1
106	216	0
100	137	0
143	225	1
122	215	1
98	201	0
84	220	0
56	222	1
115	175	0
103	196	0
163	205	1
116	155	0
144	221	1
197	240	1
100	200	0
101	196	1
166	202	1
96	174	0
132	217	1
102	183	0
108	216	1
102	130	0
93	218	1
75	223	1
120	196	0
120	242	1
83	154	0
87	231	1
117	157	0
96	191	0
83	229	1
86	215	1
133	213	1
94	208	0
109	220	1
109	199	0
92	220	1
168	224	1
101	154	0
106	215	1
103	200	0
83	213	1
107	212	0
100	146	0
114	272	0
34	223	1
91	217	0
121	146	0
70	235	1
104	193	0
111	207	0
86	184	0
122	219	1
104	265	0
101	237	0
123	217	1
137	222	1
99	191	0
103	150	0
91	194	0
116	224	1
79	157	0
93	222	0
112	224	1
97	159	0
104	229	1
125	211	1
108	222	0
106	263	0
92	220	1
111	239	0
96	174	0
105	210	1
97	165	0
103	223	0
96	202	0
106	188	0
102	218	1
103	188	0
93	213	0
145	212	1
106	162	0
159	222	1
124	223	1
109	263	0
88	177	0
122	206	1
103	249	0
101	185	0
98	202	0
136	209	1
111	167	0
104	183	0
98	189	0
132	226	1
156	233	1
120	231	1
91	170	0
117	215	1
111	156	0
100	189	0
120	203	1
93	244	0
94	221	1
141	217	1
132	218	1
139	204	1
115	229	1
116	225	1
87	216	0
108	207	0
127	219	1
97	234	1
110	200	0
75	214	1
109	260	0
101	245	0
110	213	0
92	184	0
97	231	1
99	190	0
100	258	0
118	134	0
152	232	1
165	213	1
103	229	0
91	224	0
130	225	1
103	166	0
82	213	1
104	241	1
76	219	1
106	271	0
143	219	1
124	208	1
141	213	1
111	212	1
96	237	0
125	232	1
122	225	1
165	209	1
115	191	0
123	216	1
103	198	0
85	217	0
86	222	0
100	139	0
109	147	0
104	277	0
131	228	1
110	219	1
125	208	1
129	222	1
85	186	0
102	224	0
84	219	1
94	148	0
100	178	0
96	210	1
72	226	1
109	188	0
98	138	0
111	228	0
137	212	1
129	229	1
101	210	0
99	216	1
82	217	1
86	236	1
101	180	0
110	240	0
160	232	1
115	175	0
102	174	0
68	204	1
140	208	1
114	220	1
105	251	0
137	209	1
111	248	0
94	162	0
171	208	1
131	226	1
130	239	1
99	219	1
98	167	0
137	218	1
175	233	1
159	214	1
123	209	1
102	158	0
104	222	1
124	219	1
81	139	0
91	225	1
91	182	0
86	215	1
109	226	0
107	175	0
109	234	1
146	221	1
117	217	0
116	236	0
150	231	1
146	224	1
96	222	1
99	202	0
110	220	0
100	216	0
90	221	1
108	220	1
120	223	1
108	185	0
156	204	1
168	229	1
122	231	1
88	219	1
100	180	0
105	203	0
131	209	1
103	217	1
79	207	0
126	232	1
145	240	1
97	166	0
162	226	1
89	235	0
109	149	0
102	202	0
99	215	0
106	251	0
108	207	1
171	228	1
84	152	0
101	234	0
104	218	1
98	254	0
97	147	0
46	231	1
78	220	1
128	225	1
93	184	0
113	227	1
90	242	0
134	222	1
176	217	1
82	203	0
120	221	1
118	207	1
107	183	0
135	214	1
117	182	0
145	239	1
137	229	1
118	220	1
139	216	1
146	204	1
106	247	0
130	218	1
80	207	0
106	197	0
87	251	0
114	173	0
130	207	0
113	219	1
86	207	1
99	172	0
76	230	1
102	225	0
116	220	1
118	222	1
110	231	1
106	217	1
100	202	0
85	165	0
105	179	0
103	229	1
130	208	1
138	228	1
111	164	0
112	222	1
103	216	0
116	227	1
107	223	1
102	206	1
95	228	1
125	225	1
111	236	1
100	168	0
101	212	0
102	194	0
74	211	1
120	197	1
118	225	1
128	220	1
124	223	1
106	168	0
103	231	0
95	224	0
86	216	0
92	157	0
137	227	1
126	230	1
116	224	1
135	196	1
114	214	1
92	231	0
99	187	0
41	231	1
152	225	1
100	219	1
122	226	1
81	204	0
101	185	0
105	198	0
104	136	0
112	213	1
119	215	1
161	209	1
80	238	0
108	188	0
82	186	0
95	230	1
109	221	1
92	261	0
90	213	1
99	184	0
98	225	1
85	244	0
101	210	0
146	220	1
105	195	0
79	172	0
105	186	0
105	192	0
103	271	0
111	217	1
130	230	1
100	223	1
132	210	1
105	215	0
107	241	0
107	213	1
99	265	0
120	225	1
100	169	0
104	224	1
110	221	1
106	229	0
100	216	1
101	233	1
106	157	0
168	224	1
98	172	0
146	209	1
79	160	0
101	181	0
107	217	1
69	214	1
82	163	0
148	219	1
90	193	0
131	217	1
99	190	0
120	223	1
106	183	0
112	240	1
119	213	1
111	223	0
105	208	0
94	206	0
91	230	1
97	240	0
100	222	1
93	215	0
100	156	0
89	208	0
104	220	1
84	216	1
115	223	1
151	217	1
137	224	1
138	246	1
77	219	1
108	206	0
169	216	1
136	218	1
116	221	0
80	204	1
96	197	0
87	108	0
72	234	1
107	168	0
103	246	0
102	220	1
81	213	0
138	209	1
126	235	1
100	227	1
77	226	1
122	201	1
132	237	1
132	222	1
93	172	0
141	205	1
143	217	1
106	175	0
106	182	0
144	227	1
100	213	0
110	233	0
98	210	0
118	220	1
156	228	1
108	191	0
99	268	0
157	225	1
105	231	0
155	206	1
116	234	1
108	205	0
105	226	1
106	205	0
99	220	1
111	154	0
114	218	1
94	131	0
77	213	1
83	245	0
152	209	1
105	222	1
92	221	1
118	220	1
85	181	0
104	222	1
117	212	0
75	215	1
101	187	0
95	182	0
132	230	1
101	232	1
61	234	1
131	212	1
105	203	0
100	197	0
93	185	0
97	200	0
105	250	0
102	206	0
141	197	1
90	179	0
75	224	0
173	213	1
88	217	0
91	265	0
180	228	1
116	225	1
120	223	1
117	210	1
127	220	1
104	218	0
112	175	0
96	176	0
98	261	0
86	225	0
89	166	0
104	190	0
178	223	1
101	185	0
109	207	1
114	246	0
105	192	0
102	201	0
127	212	1
105	194	0
101	204	0
84	186	0
112	225	1
108	215	1
110	230	1
115	299	0
139	217	0
87	208	0
91	205	0
97	205	1
98	218	0
110	204	0
135	215	1
86	255	0
59	223	1
157	227	1
154	223	1
77	227	1
115	221	1
87	209	0
159	220	1
97	153	0
112	195	0
108	234	1
115	210	0
101	183	0
111	246	0
93	227	0
100	237	0
100	248	0
113	141	0
118	231	1
124	200	0
149	217	0
132	215	1
112	200	1
105	225	1
147	216	1
148	240	1
95	187	0
101	186	0
137	213	1
125	227	1
107	216	1
108	209	0
124	222	1
112	188	0
110	172	0
113	159	0
122	225	0
113	223	1
92	234	0
105	215	0
86	220	1
140	220	1
93	263	0
157	216	1
129	220	1
98	233	0
85	119	0
126	227	1
91	216	0
161	208	1
94	210	0
98	165	0
100	196	0
118	132	0
81	210	0
120	229	1
84	206	0
85	219	1
147	220	1
97	190	0
135	229	1
119	201	1
92	175	0
90	153	0
117	212	0
78	220	1
109	220	0
158	222	1
169	217	1
88	198	0
133	208	1
87	228	1
90	169	0
113	219	1
107	157	0
110	196	0
74	200	0
89	212	1
103	208	0
123	226	1
100	220	0
82	236	1
109	189	0
146	218	1
146	215	1
100	173	0
79	205	0
117	236	1
133	207	1
77	201	0
95	202	0
92	248	0
84	220	1
109	189	0
104	172	0
124	159	0
76	217	1
81	188	0
78	213	1
109	145	0
142	222	1
93	217	0
120	220	1
154	223	1
113	213	1
103	175	0
140	207	1
101	196	0
93	244	0
110	234	1
96	211	0
90	246	0
108	214	1
108	157	0
106	232	1
119	220	1
80	215	1
92	212	1
108	213	1
108	203	0
109	211	0
95	253	0
114	213	1
114	221	1
103	205	0
131	209	1
171	214	1
120	216	1
98	189	0
120	223	1
88	220	1
96	183	0
128	213	1
66	222	1
99	224	0
87	205	0
93	223	0
165	215	1
104	223	0
158	203	0
104	238	0
143	216	1
100	190	0
116	194	1
133	214	1
97	141	0
92	205	0
115	167	0
122	204	1
110	230	1
102	190	0
99	247	1
204	232	1
157	228	1
99	153	0
81	190	0
121	218	1
106	207	1
120	209	1
100	173	0
159	227	1
142	224	1
101	168	0
105	156	0
100	235	0
108	197	0
145	222	1
94	192	0
138	227	1
134	219	1
97	219	0
94	228	1
93	211	0
112	209	1
44	220	1
86	219	1
78	220	1
182	221	1
119	224	1
97	151	0
106	106	0
88	223	1
99	246	0
133	237	1
113	243	0
94	204	0
104	158	0
101	184	1
123	210	1
63	213	1
107	169	0
88	219	0
106	210	1
97	187	0
149	216	1
104	211	0
98	174	0
77	229	1
96	197	0
110	199	0
100	201	0
107	215	1
135	214	1
111	219	1
99	215	1
143	188	1
83	213	1
100	220	1
69	228	1
133	236	1
123	224	1
93	209	1
102	165	0
109	152	0
117	202	1
101	145	0
76	228	1
96	189	0
93	218	1
91	194	0
139	220	1
175	217	1
100	176	0
115	224	1
89	236	0
132	204	1
115	207	1
115	199	0
122	217	1
85	236	1
160	231	1
102	232	0
123	219	1
110	212	0
114	197	1
111	220	1
104	154	0
105	208	1
90	232	1
94	230	0
94	191	0
115	221	0
137	231	1
121	219	1
85	211	0
118	224	1
89	259	0
107	217	0
78	227	1
83	169	0
159	223	1
88	230	0
114	156	0
97	200	0
104	165	0
133	225	1
87	219	0
92	213	1
120	220	1
96	221	0
119	235	0
125	214	1
141	215	1
120	209	1
167	233	1
101	212	0
100	223	1
110	192	0
143	230	1
101	224	1
104	227	1
109	230	1
81	220	1
100	223	0
86	211	1
90	218	0
86	193	0
132	229	1
105	217	1
119	215	1
109	191	0
140	216	1
130	226	1
100	209	0
102	176	0
139	220	1
113	273	0
88	225	1
110	210	0
139	201	1
90	248	0
162	212	1
57	207	1
108	218	1
106	192	0
102	192	0
94	214	0
98	195	0
89	134	0
103	217	0
149	217	1
112	212	1
102	157	0
86	249	0
104	212	1
103	188	0
170	216	1
131	214	1
88	159	0
103	193	0
120	225	1
81	206	0
102	173	0
109	236	1
88	219	1
104	220	0
98	200	0
104	232	0
113	217	1
95	185	0
127	212	1
134	214	1
98	169	0
94	216	1
112	231	1
130	221	1
148	219	1
91	208	0
108	262	0
106	173	0
107	199	1
97	218	0
101	184	0
100	200	0
68	220	1
103	244	0
94	177	0
174	210	1
97	202	0
113	208	0
135	228	1
98	230	1
93	199	0
114	199	0
88	237	0
142	220	1
170	211	1
92	258	0
107	217	0
152	226	1
123	204	1
171	226	1
114	220	0
92	189	0
110	211	0
110	210	1
112	222	1
95	199	1
96	235	1
142	237	1
100	149	0
148	209	1
124	212	1
86	135	0
113	201	0
113	221	1
95	218	0
77	234	1
168	229	1
104	204	0
172	214	1
143	211	1
90	212	1
120	199	1
167	221	1
106	200	0
132	214	1
107	233	0
100	283	0
167	219	1
90	148	0
70	224	1
129	222	1
202	199	1
96	186	0
102	230	0
105	217	1
105	191	0
111	214	0
82	215	1
105	199	0
124	257	0
95	197	0
100	249	0
105	253	0
102	227	1
100	174	0
68	214	1
119	214	1
134	210	1
146	220	1
88	207	0
139	215	1
102	190	0
101	216	0
102	160	0
97	176	0
117	180	0
86	175	0
98	189	0
142	219	1
98	186	0
155	241	1
147	222	1
88	217	0
85	220	1
63	212	1
153	210	1
104	220	1
100	194	0
93	216	0
103	188	0
138	220	1
91	205	0
120	225	1
119	279	0
97	200	0
110	170	0
98	254	0
96	231	0
105	155	0
99	221	1
102	230	0
102	167	0
97	210	0
95	212	1
83	148	0
153	208	1
113	237	0
104	203	0
103	200	0
140	216	1
137	217	1
106	194	0
55	231	1
102	215	1
97	223	1
108	198	0
97	231	0
105	232	1
99	237	0
129	210	1
106	216	1
102	232	0
118	207	1
166	221	1
178	225	1
100	176	0
101	225	0
107	214	1
111	205	0
100	216	0
138	242	1
81	143	0
110	231	0
157	220	1
126	216	1
68	225	0
122	203	1
82	207	1
112	174	0
111	204	1
92	226	0
92	209	1
86	217	0
103	218	1
123	221	1
117	215	1
81	213	1
80	220	1
116	214	1
128	219	1
96	217	0
122	219	1
161	220	1
104	150	0
103	147	0
185	233	1
115	220	1
107	194	0
94	224	1
98	203	0
110	216	0
164	222	1
112	214	0
152	207	1
100	190	0
97	162	0
123	200	0
97	201	0
100	220	1
94	192	0
86	220	0
124	214	1
103	232	0
99	208	0
125	210	1
108	218	1
103	198	0
105	213	1
185	219	1
113	223	1
89	149	0
130	226	1
85	219	1
109	200	0
104	222	1
107	237	0
131	208	1
141	211	1
93	216	0
108	224	0
94	212	1
106	181	0
108	193	0
93	165	0
89	157	0
102	230	0
65	182	1
114	184	0
125	217	1
100	195	0
104	216	0
51	235	1
128	231	1
86	187	0
101	185	0
106	215	1
96	157	0
111	224	0
96	195	0
103	218	0
91	209	0
107	222	0
86	199	0
118	221	1
110	219	1
92	226	1
101	188	0
113	194	0
101	172	0
96	210	0
125	228	1
110	214	0
127	242	1
137	223	1
68	230	1
131	225	1
132	228	1
100	169	0
124	213	1
188	221	1
109	183	0
108	192	0
110	226	0
102	236	1
123	212	0
104	221	1
115	233	0
122	219	1
101	214	1
109	160	0
100	221	0
176	218	1
128	218	1
109	237	0
131	217	1
128	232	1
51	221	1
83	206	0
110	217	1
112	215	0
105	225	1
108	179	0
97	255	0
103	169	0
85	217	0
148	222	1
96	212	1
144	219	1
112	212	1
100	213	0
159	201	1
193	244	1
80	204	1
114	198	1
105	225	0
99	182	0
66	221	1
76	206	1
108	152	0
105	196	0
96	185	0
97	204	0
96	282	0
214	210	1
98	224	0
104	215	0
128	209	1
117	214	1
101	212	0
62	220	1
133	209	1
119	207	1
126	221	1
106	217	1
109	185	0
121	193	0
127	205	1
123	209	1
93	211	0
144	222	1
59	233	1
87	210	1
94	220	0
120	215	1
110	229	1
130	220	1
89	227	1
107	221	1
91	151	0
86	205	0
176	220	1
94	217	0
79	149	0
93	210	1
136	214	1
88	255	0
112	214	0
92	213	0
93	201	0
115	175	0
91	239	0
86	179	0
97	198	0
148	226	1
70	214	1
103	186	0
139	196	1
106	181	0
110	157	0
93	224	1
99	210	0
97	203	1
130	238	1
39	202	1
96	192	0
119	222	1
89	224	1
155	216	1
128	206	1
115	166	0
88	256	0
74	223	1
143	226	1
100	178	0
100	192	0
107	227	1
132	203	1
103	163	0
102	176	0
101	261	0
132	220	1
187	233	1
124	200	1
107	178	0
114	179	0
87	214	1
98	199	1
91	241	1
100	210	0
88	204	0
172	215	1
124	244	1
123	233	1
93	191	0
104	185	0
103	222	1
113	135	0
103	247	0
72	211	1
110	193	0
129	231	1
157	216	1
142	216	1
103	217	1
97	186	0
127	219	1
76	210	0
121	231	1
125	230	1
96	218	1
84	233	1
102	173	0
169	213	1
143	223	1
100	220	1
103	219	1
113	259	0
103	219	0
102	187	0
88	207	0
90	151	0
92	228	1
91	262	0
175	226	1
91	222	1
96	211	0
105	222	1
120	221	1
102	228	0
102	216	1
170	228	1
115	177	0
157	217	1
83	216	0
96	236	0
89	209	0
120	188	0
100	195	0
97	170	0
103	201	0
142	220	0
138	218	1
151	217	1
162	210	1
81	220	1
140	222	1
81	218	1
102	193	0
109	233	1
109	126	0
109	216	1
92	201	0
102	224	1
105	251	0
100	221	0
113	228	1
102	123	0
157	238	1
99	153	0
160	234	1
120	232	1
107	211	0
141	225	1
126	224	1
102	156	0
93	240	0
121	211	1
134	211	1
107	208	0
102	236	1
55	220	1
185	233	1
113	196	0
100	217	1
91	217	0
169	212	1
106	213	0
109	230	1
102	164	0
105	236	1
105	199	0
104	182	0
110	192	0
148	232	1
169	229	1
127	229	1
92	129	0
109	236	0
95	218	0
92	211	1
95	226	0
134	167	0
85	208	0
108	223	1
127	235	1
180	215	1
104	213	0
79	223	1
97	231	1
99	194	0
93	211	0
102	224	0
144	212	1
101	171	0
129	232	1
93	183	0
93	224	1
100	249	0
111	223	1
95	152	0
95	231	1
100	197	0
131	212	1
132	224	1
131	216	1
96	160	0
105	178	0
109	238	1
144	221	1
206	229	1
138	226	1
60	222	1
93	217	0
115	177	0
103	244	0
108	226	1
101	164	0
106	210	0
114	232	1
101	207	1
85	225	1
144	224	1
100	200	0
118	191	0
102	174	0
121	247	0
117	190	0
115	211	0
104	203	1
79	239	1
95	207	1
85	214	0
92	205	0
76	220	1
116	183	0
107	230	1
94	206	0
93	223	1
95	228	1
99	208	0
111	264	0
101	202	0
111	121	0
99	232	0
187	224	1
101	222	0
78	209	0
107	141	0
103	228	1
75	224	1
97	158	0
135	220	1
90	268	0
89	202	0
95	220	1
82	200	0
98	212	0
120	214	1
83	220	1
97	175	0
97	145	0
101	210	1
123	211	1
158	228	1
108	74	0
96	207	1
99	188	0
97	171	0
109	218	1
92	230	0
124	224	1
107	213	1
106	217	0
106	222	1
122	226	1
116	212	1
48	216	1
110	215	1
99	222	0
96	222	0
87	203	1
88	215	0
92	232	0
100	193	0
97	205	0
112	226	1
112	222	1
173	237	1
107	212	1
96	188	0
122	213	1
97	131	0
84	217	0
94	212	0
108	205	0
95	203	0
105	213	0
110	205	1
97	195	0
100	153	0
120	224	1
128	212	1
114	222	0
132	214	1
94	163	0
105	222	0
102	248	0
73	221	1
101	198	0
100	143	0
152	233	1
93	208	0
147	219	1
142	212	1
113	167	0
170	220	1
116	182	0
110	224	1
132	217	1
100	213	0
87	113	0
109	293	0
123	206	1
112	230	0
100	196	0
91	234	0
100	200	0
94	175	0
175	216	1
130	220	1
103	228	0
137	219	1
139	207	1
99	235	0
93	179	0
128	206	1
108	214	1
90	191	0
126	208	1
81	204	0
79	215	1
103	230	1
91	210	0
106	216	1
125	236	1
100	202	0
122	147	0
100	200	0
86	159	0
95	222	1
83	203	0
110	233	1
100	192	0
93	229	0
94	218	1
101	217	0
124	219	1
87	211	0
75	238	0
97	207	0
97	210	1
89	229	0
106	130	0
88	260	0
117	213	1
94	230	0
95	158	0
111	218	0
101	200	0
105	225	1
113	218	1
79	234	1
154	220	1
112	189	0
101	169	0
65	232	1
115	238	0
92	237	1
96	200	0
95	198	0
160	220	1
116	229	1
105	187	0
144	225	1
117	222	1
119	229	1
109	311	0
116	226	1
94	178	0
101	247	0
151	226	1
113	167	0
113	198	1
111	234	1
102	219	0
117	229	1
96	221	0
84	223	1
87	203	0
116	220	1
123	206	0
108	209	1
141	229	1
84	195	0
114	173	0
110	146	0
135	224	1
99	214	1
145	222	1
102	244	0
83	200	0
99	233	0
137	229	1
119	224	1
152	218	1
93	156	0
185	215	1
86	215	1
94	215	1
139	212	1
139	217	1
93	197	0
104	154	0
113	196	0
102	218	0
117	216	1
90	183	0
80	223	0
111	193	0
87	235	1
122	225	1
102	190	0
146	215	1
99	170	0
94	201	0
58	221	1
76	153	0
154	227	1
126	213	1
102	217	0
70	217	0
131	204	1
101	174	0
184	218	1
175	223	1
147	219	1
91	219	1
61	223	1
107	237	0
69	228	1
106	196	0
135	215	1
97	142	0
106	226	0
113	160	0
94	220	0
149	203	1
110	208	0
170	225	1
83	207	1
113	185	0
83	179	0
100	187	1
100	212	0
96	204	0
180	231	1
135	218	1
112	211	1
109	201	0
103	215	0
89	185	0
113	194	1
88	209	1
105	214	0
127	220	1
120	220	1
116	237	1
124	245	0
84	227	1
103	208	1
87	218	1
154	221	1
83	120	0
96	211	0
103	214	1
129	211	1
96	217	1
91	256	0
79	230	1
118	221	1
115	221	0
113	227	1
105	207	0
86	176	0
148	219	1
136	233	1
153	212	1
122	219	1
113	207	1
103	206	0
50	227	1
111	222	1
98	219	1
113	193	0
94	237	0
99	173	0
100	214	0
100	169	1
90	216	0
161	215	1
92	222	1
96	221	1
88	230	1
93	227	1
96	235	0
83	218	1
110	202	0
105	212	0
156	231	1
109	211	0
107	187	0
113	228	1
86	248	0
99	154	0
102	202	0
148	221	1
110	235	1
135	217	1
80	229	1
103	240	1
129	203	1
149	222	1
86	219	1
113	217	1
134	226	1
100	214	0
104	229	1
106	199	0
81	232	1
128	225	1
86	179	0
176	218	1
101	249	0
100	227	1
110	220	1
91	155	0
88	163	0
122	200	0
93	169	0
140	218	1
104	226	0
144	219	1
117	214	1
109	213	1
105	176	0
128	227	1
105	179	0
96	206	0
114	157	0
103	241	0
106	224	1
196	232	1
113	205	0
108	189	0
104	223	1
140	217	1
102	162	0
92	203	0
103	203	0
109	203	0
104	216	1
149	227	1
107	180	0
118	223	1
174	218	1
110	225	1
121	191	1
194	231	1
86	267	0
101	169	0
99	205	0
120	210	1
201	217	1
85	226	1
148	223	1
100	220	0
142	220	1
99	225	0
99	234	0
104	208	0
72	228	1
142	223	1
92	234	1
98	216	1
123	221	1
98	227	0
100	213	0
127	221	1
70	220	1
84	237	0
105	225	1
74	231	1
150	209	1
108	229	0
102	201	0
138	230	1
100	207	1
151	220	1
94	176	0
112	173	0
105	201	0
28	227	1
93	187	0
91	203	0
128	211	1
209	215	1
131	215	1
107	169	0
94	182	0
86	222	1
121	222	1
157	235	1
90	253	0
104	187	0
112	169	0
99	239	1
97	239	0
137	220	1
84	167	0
94	230	0
81	236	1
133	223	1
123	223	1
102	205	1
137	221	1
103	183	0
101	262	0
95	220	1
126	222	1
152	227	1
100	230	0
151	225	1
138	211	1
120	217	1
111	229	0
94	191	0
142	215	1
132	225	1
88	208	0
72	233	1
96	219	0
100	205	0
116	218	1
122	221	1
123	171	1
120	159	0
96	188	0
103	263	0
106	196	0
98	235	1
95	190	0
155	213	1
126	222	1
81	162	0
118	252	0
143	217	1
91	144	0
98	201	0
100	193	0
127	202	1
138	217	1
168	209	1
133	200	1
101	165	0
185	211	1
103	207	0
81	219	0
105	195	0
74	214	1
101	200	0
91	212	1
64	212	1
104	232	0
132	215	1
92	220	1
143	226	1
104	131	0
105	93	0
62	209	1
111	204	0
92	196	0
90	169	0
131	212	1
98	203	0
133	219	1
90	241	0
111	225	0
127	218	1
90	214	0
131	226	1
101	204	0
99	203	0
99	200	1
104	247	0
101	215	1
107	255	0
95	171	0
103	213	0
113	176	0
100	231	0
86	210	1
89	215	1
97	238	0
61	211	1
130	212	1
129	225	1
109	171	0
95	219	0
95	208	1
98	187	0
147	229	1
66	234	1
131	203	1
116	232	1
98	224	1
92	198	0
152	231	1
102	245	0
92	200	0
84	166	0
110	200	0
113	188	0
158	231	1
187	213	1
101	186	0
129	220	1
65	218	1
133	227	1
99	232	0
109	218	1
138	215	1
102	220	0
98	227	0
103	231	1
87	230	0
144	209	1
101	228	0
103	266	0
146	211	1
100	182	0
154	229	1
97	235	0
138	223	1
147	228	1
107	155	0
92	222	0
152	216	1
148	227	1
50	226	1
97	223	0
156	216	1
106	229	1
98	229	0
106	213	1
137	205	1
107	225	0
100	222	0
99	301	0
102	201	0
129	221	1
111	194	0
93	217	0
69	225	1
106	198	0
101	200	0
93	206	0
105	180	0
165	218	1
124	213	0
74	220	0
167	223	1
77	204	1
98	166	0
101	207	0
98	197	0
178	212	1
51	220	1
101	167	0
75	211	1
94	229	1
159	231	1
89	218	0
94	198	0
184	231	1
164	217	1
103	221	0
121	207	1
102	208	0
152	230	1
121	208	0
111	220	0
109	202	0
95	213	1
98	142	0
95	265	0
89	163	0
102	190	0
100	202	0
78	212	1
90	221	1
115	203	1
77	201	1
128	226	1
56	212	1
122	231	1
118	225	1
115	216	1
108	171	0
128	222	1
130	224	1
89	224	0
113	216	1
106	214	0
77	206	0
100	236	0
109	194	0
176	230	1
112	218	0
112	142	0
113	244	1
172	234	1
104	226	0
94	224	0
122	212	1
96	245	0
129	221	1
85	194	1
94	220	0
98	198	0
102	185	0
77	221	1
126	221	1
76	227	1
106	213	1
98	158	0
73	212	1
111	249	0
100	213	0
72	230	1
132	237	1
109	232	1
94	176	0
125	218	1
109	228	0
136	201	1
102	212	0
93	187	0
141	195	1
85	199	0
111	225	1
94	165	0
106	218	1
52	225	1
91	171	0
92	206	0
100	186	0
108	205	0
92	176	0
86	212	0
106	229	1
90	236	0
88	242	0
116	188	0
92	184	0
127	221	1
100	230	0
103	208	0
110	223	0
95	220	1
67	225	1
96	227	1
121	223	1
139	233	1
86	218	1
125	239	1
153	233	1
90	200	0
64	231	1
105	175	0
110	212	0
94	222	0
89	202	0
89	214	1
109	221	1
107	220	0
106	237	0
123	198	1
148	229	1
108	213	1
88	223	1
129	217	1
92	155	0
109	198	0
95	267	0
88	175	0
162	226	1
137	220	1
91	163	0
118	196	0
118	225	1
91	221	1
103	201	0
112	220	1
114	248	0
120	224	1
94	218	1
100	235	0
107	260	0
109	152	0
142	227	1
96	195	0
146	225	1
86	141	0
102	237	0
100	207	0
133	213	1
104	172	0
145	220	1
93	219	0
97	198	0
108	216	1
117	190	0
97	190	0
122	215	1
94	221	0
115	219	1
109	215	0
150	229	1
102	193	0
88	207	0
113	193	0
108	200	0
114	202	0
85	206	0
99	184	0
107	204	1
147	230	1
77	201	1
97	212	1
111	217	0
96	216	1
83	215	1
170	224	1
100	232	0
79	225	1
82	213	1
118	218	1
189	218	1
87	224	0
106	229	1
177	223	1
126	156	0
100	216	0
88	184	0
103	223	1
103	175	0
92	238	0
137	247	1
94	216	0
100	230	0
106	219	0
111	209	0
153	215	1
99	205	0
107	196	0
85	171	0
86	204	1
105	236	1
140	219	1
87	222	1
49	225	1
146	211	1
99	182	0
99	180	0
139	220	1
101	188	0
89	230	0
122	224	1
88	218	1
110	222	1
81	145	0
101	138	0
110	212	1
162	218	1
130	217	1
136	221	1
99	231	0
100	212	0
154	219	1
116	208	1
104	254	0
94	171	0
109	227	1
113	180	0
96	216	0
106	250	0
115	237	1
125	183	0
124	224	1
116	221	0
104	222	0
115	219	1
105	209	0
109	161	0
106	209	1
141	240	1
96	150	0
138	209	1
133	222	1
102	224	0
134	222	1
106	223	0
190	225	1
92	224	1
96	205	0
120	220	1
129	222	1
85	207	1
85	214	0
114	230	1
151	236	1
82	244	0
118	224	1
143	209	1
98	181	0
105	226	1
89	223	0
98	147	0
88	209	1
148	220	1
164	222	1
144	214	1
97	149	0
92	187	0
81	223	1
102	162	0
135	219	1
88	224	1
132	206	1
120	225	1
107	207	0
136	219	1
143	223	1
124	190	0
95	262	0
128	230	1
140	216	1
92	159	0
82	168	0
113	222	0
99	228	1
132	226	1
115	212	1
95	181	0
116	218	1
173	227	1
90	266	0
154	229	1
99	164	0
149	229	1
143	222	1
98	219	1
111	199	0
121	225	1
121	208	1
109	225	1
100	214	0
102	223	0
82	218	0
139	217	1
105	215	1
100	206	0
104	241	0
108	205	0
176	224	1
131	242	1
90	210	0
95	207	0
100	197	0
90	171	0
92	173	0
113	218	1
154	227	1
97	234	0
125	230	1
92	220	1
113	249	0
107	155	0
92	147	0
100	199	0
98	182	0
148	204	1
104	153	0
108	126	0
87	220	1
98	203	1
100	162	0
105	207	0
89	232	0
135	223	1
126	206	1
80	136	0
156	225	1
144	230	1
98	203	0
98	182	0
95	173	0
143	218	1
106	216	0
202	217	1
67	210	1
105	133	0
119	247	0
145	209	1
92	182	0
125	223	1
157	218	1
91	230	1
101	196	0
117	212	1
88	256	0
101	177	0
88	196	0
97	222	1
116	222	1
73	215	0
108	226	1
122	228	1
97	221	1
107	218	1
115	261	0
93	216	0
144	228	1
163	219	1
138	226	1
103	215	1
100	176	0
92	228	0
80	220	1
99	214	0
118	222	1
94	243	0
106	179	0
92	223	0
102	201	0
132	219	1
94	200	0
109	154	0
121	216	1
185	225	1
102	232	0
101	248	0
95	230	1
100	219	1
94	177	0
120	233	1
155	208	1
135	234	1
96	190	0
130	229	1
130	222	1
136	220	1
107	177	0
96	180	0
95	176	0
110	116	0
70	197	0
117	198	0
160	231	1
91	217	1
134	222	1
127	215	0
105	209	1
89	228	1
119	208	1
133	230	1
83	196	0
133	215	1
114	212	0
109	217	1
152	223	1
113	214	0
108	225	0
95	139	0
115	220	1
79	224	1
77	200	0
83	153	0
111	147	0
83	191	0
99	165	0
97	248	0
134	231	1
137	210	1
135	216	1
136	224	1
107	226	1
109	222	1
83	195	0
123	233	0
159	237	1
98	184	0
160	228	1
90	220	1
102	172	0
97	149	0
80	231	1
105	233	1
84	242	0
115	191	0
118	220	1
101	220	0
157	203	1
103	218	1
95	220	1
90	224	0
111	222	0
114	287	0
134	211	0
99	199	1
94	179	0
93	144	0
92	207	0
80	186	0
107	223	0
102	173	0
100	222	0
97	227	0
96	204	0
160	213	1
120	220	1
106	178	0
100	202	0
112	234	1
91	211	1
67	234	1
91	184	0
121	217	1
109	183	0
113	209	0
95	181	1
106	249	0
92	235	0
86	220	0
91	201	0
170	220	1
103	178	0
189	217	1
84	156	0
79	156	0
75	174	0
98	147	0
74	227	1
107	202	1
111	213	1
95	185	0
119	251	0
107	267	0
61	220	1
86	223	0
104	196	0
102	226	1
115	215	1
90	196	0
84	219	1
161	214	1
103	185	0
103	218	0
110	198	0
96	194	1
112	226	1
109	172	0
85	205	1
104	213	0
152	220	1
104	191	0
99	268	0
89	221	0
95	217	1
95	202	0
88	174	0
140	225	1
145	229	1
105	169	0
99	192	0
136	213	1
98	197	0
103	233	1
148	246	1
92	218	0
105	228	0
103	209	1
107	212	0
65	215	1
138	215	1
117	210	1
136	219	1
110	218	1
126	233	1
145	221	1
152	224	1
109	199	0
75	221	1
97	189	0
97	213	0
82	222	1
99	227	0
49	222	1
95	152	0
96	180	0
108	157	0
134	223	1
155	215	1
101	200	0
136	227	1
102	191	0
97	228	0
97	173	0
108	162	0
87	211	0
117	230	1
118	215	1
110	175	0
96	199	0
100	204	0
161	239	1
167	220	1
108	195	0
94	210	1
95	203	1
105	221	1
92	216	0
101	207	0
106	209	0
85	173	0
87	208	0
114	204	1
84	236	0
117	236	0
87	220	1
114	221	1
119	158	0
112	186	0
100	275	0
122	210	1
96	208	1
74	214	1
94	247	0
95	187	0
117	203	0
170	216	1
86	210	1
101	166	0
89	207	1
144	216	1
101	212	0
105	227	1
133	230	1
94	193	0
115	214	0
104	230	0
94	193	1
112	218	1
69	230	1
103	215	0
78	217	1
97	188	0
117	210	1
103	195	0
154	220	1
134	215	1
99	225	1
140	227	1
109	184	0
103	200	0
116	221	1
80	180	0
148	217	1
110	220	0
98	249	0
85	155	0
105	205	0
106	200	0
99	194	0
101	270	0
113	234	0
141	221	1
125	219	1
94	220	0
102	172	0
103	191	0
134	221	1
69	221	1
102	194	1
92	192	0
99	252	0
137	209	1
107	239	1
86	178	0
90	212	1
85	217	1
81	223	0
160	222	1
107	173	0
100	221	1
98	183	0
102	240	0
105	144	0
148	217	1
93	215	0
130	215	1
102	208	0
102	288	0
102	226	1
95	187	0
69	230	1
102	174	0
87	199	0
106	177	0
98	193	0
95	189	0
118	220	1
90	245	0
113	235	1
96	204	0
135	234	1
91	174	0
108	218	0
100	214	1
109	215	1
102	161	0
100	213	0
137	210	1
90	214	0
93	185	0
112	199	0
108	246	0
102	190	0
110	232	0
96	264	0
138	230	1
113	214	0
91	284	0
97	140	0
140	213	1
88	248	0
115	222	0
99	198	0
95	221	0
98	260	0
71	208	1
96	175	0
79	235	0
102	193	0
111	217	1
109	224	1
117	209	0
101	190	0
147	222	1
97	190	0
90	212	0
99	226	0
108	220	1
123	230	1
74	220	1
148	223	1
143	224	1
99	212	1
75	225	1
66	239	1
112	208	1
103	164	0
113	220	1
142	237	1
94	217	0
98	230	0
105	239	1
92	215	1
126	222	1
158	225	1
100	194	0
137	212	1
123	226	1
133	206	1
100	227	0
101	185	0
135	219	1
106	183	0
94	214	1
79	214	1
80	220	1
97	260	0
108	198	0
95	183	0
107	179	0
168	232	1
118	201	1
102	230	0
91	220	1
94	200	0
90	200	0
100	223	0
115	245	1
112	223	1
114	231	0
89	206	0
140	219	1
100	187	0
103	178	0
99	177	0
107	219	0
100	176	0
104	199	0
128	225	1
94	220	0
107	215	1
127	212	1
97	200	0
137	210	1
100	184	0
100	129	0
99	153	0
123	229	1
108	236	1
97	216	1
110	213	1
128	231	1
90	175	0
100	204	1
109	173	0
106	208	0
76	189	0
114	220	1
99	253	0
46	217	1
117	230	1
105	294	0
135	226	1
112	211	1
103	247	0
99	187	0
91	210	0
147	221	1
96	214	1
151	226	1
113	209	1
149	235	1
98	200	0
82	237	0
97	151	0
107	208	1
105	217	0
149	202	1
101	222	0
96	180	0
106	191	0
142	210	1
95	226	0
94	217	1
126	228	1
78	223	1
96	180	0
100	227	0
95	119	1
117	204	1
145	219	1
93	213	1
100	191	0
106	221	0
96	197	0
99	206	1
123	227	1
173	219	1
109	180	0
110	229	1
103	194	0
90	209	1
90	212	1
105	146	0
121	230	1
115	220	1
86	158	0
149	217	1
124	217	1
96	219	0
101	211	1
114	227	0
133	219	1
85	210	1
133	220	1
115	204	1
133	233	1
117	231	1
129	209	1
103	229	0
94	188	0
94	229	0
161	210	1
113	176	0
65	222	1
181	221	1
82	191	0
206	215	1
166	228	1
113	228	1
102	197	0
139	245	1
100	135	0
122	228	1
93	166	0
95	217	0
102	216	1
138	221	1
105	214	0
111	223	1
111	223	1
121	198	0
152	223	1
144	230	1
54	211	1
100	246	0
108	228	1
119	206	0
132	230	1
145	220	1
88	228	1
87	236	0
111	234	1
145	220	1
100	238	0
75	224	1
106	252	0
88	169	0
105	205	1
92	248	0
126	210	1
98	220	0
122	197	1
142	245	1
105	167	0
104	232	1
111	223	1
167	233	1
90	204	1
100	197	0
87	166	0
115	213	0
113	214	0
109	223	1
87	157	0
113	200	0
87	232	0
106	246	0
113	220	0
159	218	1
124	213	1
93	222	1
81	178	0
100	143	0
104	146	0
97	224	1
106	201	0
103	218	0
121	196	0
117	234	1
101	163	0
94	210	0
131	223	1
114	147	0
92	194	0
112	189	0
124	230	1
116	204	1
95	221	0
99	202	0
150	223	1
89	191	0
101	216	0
91	140	0
105	230	1
91	253	0
139	224	1
170	222	1
119	210	1
107	212	0
95	207	0
98	208	0
139	220	1
104	146	0
132	234	1
100	139	0
94	236	0
97	121	0
100	232	1
126	217	0
96	223	1
119	148	0
113	144	0
180	235	0
84	266	0
99	179	0
128	233	1
86	180	0
97	227	1
117	220	1
99	188	0
90	233	0
88	212	0
116	219	1
96	235	0
86	194	0
70	244	1
94	241	0
154	222	1
92	191	0
124	212	1
117	209	1
99	227	0
97	161	0
94	180	0
104	229	0
138	226	1
95	129	0
110	219	1
114	212	1
101	210	0
143	224	1
98	216	1
87	217	1
141	214	1
100	159	0
107	204	0
85	171	0
115	215	1
36	233	1
107	221	1
133	231	1
101	246	0
112	220	1
215	207	1
127	237	1
57	238	1
93	182	0
184	203	1
56	218	1
106	135	0
141	228	1
81	223	1
100	237	0
193	223	1
120	226	1
116	177	0
122	234	1
92	210	0
79	165	0
149	216	1
97	218	1
100	181	0
158	227	1
103	179	0
100	238	1
86	241	0
90	183	0
178	224	1
158	228	1
68	221	1
102	207	0
100	218	0
94	226	1
103	213	0
105	194	0
79	220	1
107	189	0
104	223	1
92	216	0
167	220	1
71	200	0
113	207	1
87	142	1
100	245	0
130	215	1
102	210	0
118	223	1
155	219	1
94	200	0
102	208	0
125	224	1
125	206	1
101	219	1
97	216	0
101	262	0
105	235	0
101	220	1
194	223	1
88	200	0
124	195	0
99	167	0
90	210	1
147	217	1
105	158	0
104	233	0
86	219	1
101	201	0
95	218	1
99	211	0
92	192	0
165	210	1
142	225	1
107	270	0
180	216	1
75	201	1
129	221	1
80	236	0
109	207	0
153	199	1
119	197	0
106	217	1
103	184	0
102	189	0
85	172	0
100	149	0
93	267	0
95	223	0
95	237	1
101	205	0
102	217	0
74	210	1
118	212	1
107	223	1
140	218	1
119	210	1
116	214	0
109	211	0
110	238	0
107	218	1
137	216	1
43	216	1
108	146	0
105	198	0
111	235	1
83	223	1
88	197	0
102	239	0
131	228	1
101	189	0
88	213	0
136	223	1
99	234	0
95	166	0
94	205	0
101	202	0
100	220	0
87	228	0
137	202	1
79	232	1
105	209	0
108	123	0
89	221	1
92	215	1
91	121	0
67	241	1
139	210	1
97	197	0
132	230	1
111	210	0
122	212	1
100	218	0
97	179	0
176	221	1
99	214	0
94	201	0
92	211	0
118	207	1
130	219	1
101	229	1
98	212	1
100	200	0
99	211	1
106	219	1
118	260	0
129	224	1
122	229	1
96	235	1
103	230	0
137	222	1
127	206	1
108	192	0
107	136	0
93	207	0
179	223	1
120	218	1
116	208	1
98	206	0
171	208	1
104	229	0
127	218	1
87	260	0
105	200	0
114	200	1
110	166	0
42	219	1
105	170	0
101	227	0
112	240	0
96	223	0
96	222	1
126	218	1
88	162	0
97	253	0
98	200	0
108	223	1
118	206	1
152	218	1
121	236	0
80	237	1
120	224	1
104	210	0
108	119	0
142	208	1
92	223	1
100	214	1
107	195	0
184	207	1
116	234	1
118	223	1
101	227	0
96	154	0
105	248	0
162	227	1
115	219	1
102	221	0
109	219	0
99	206	0
107	251	0
112	239	0
98	234	0
104	236	0
106	206	0
85	167	0
105	269	1
96	214	0
97	204	0
127	222	1
93	210	1
147	209	1
131	217	1
106	132	0
116	227	1
111	242	0
88	213	0
119	209	1
152	223	1
111	189	0
98	153	0
101	218	1
163	227	1
117	172	0
74	229	1
84	217	1
75	211	1
101	222	1
112	227	0
115	202	0
104	192	0
75	213	1
119	229	1
113	225	1
91	217	1
100	220	0
95	158	0
195	209	1
120	204	1
80	138	0
100	211	0
107	208	0
176	224	1
108	228	1
118	225	1
118	209	1
83	220	1
90	185	0
97	198	0
104	159	0
99	229	1
120	226	1
105	212	1
114	224	0
75	195	0
103	213	1
103	225	1
102	217	1
96	201	0
100	172	0
143	214	1
124	212	1
100	170	0
89	157	0
93	210	0
174	231	1
89	233	1
114	225	0
89	224	0
91	234	1
103	244	0
162	243	1
93	219	0
110	265	0
89	265	0
102	208	1
116	229	1
104	168	0
93	203	0
74	217	1
117	224	1
90	192	0
110	224	1
142	212	1
80	203	0
131	213	1
105	222	0
110	259	0
115	161	0
116	194	0
110	223	1
104	216	0
105	181	0
93	222	0
102	280	0
118	207	0
119	122	0
105	214	1
130	212	1
95	192	0
141	213	1
95	214	1
120	221	1
105	231	0
141	208	1
116	191	0
107	151	0
150	211	1
97	221	1
115	212	0
105	203	0
79	185	0
109	189	0
84	216	1
123	203	1
122	212	1
176	221	1
104	219	1
90	209	0
150	229	1
171	221	0
108	215	1
107	256	0
130	222	1
112	182	0
120	147	0
117	240	1
102	227	1
89	232	1
125	223	1
111	219	1
120	211	1
92	158	0
83	224	1
142	200	1
81	222	1
101	222	0
77	222	1
91	206	1
133	217	1
138	226	1
85	214	0
140	225	1
95	206	1
119	232	0
73	207	1
144	220	1
121	183	0
88	202	0
112	245	0
111	163	0
141	221	1
117	227	1
123	221	1
137	215	1
100	184	0
130	223	1
112	229	1
148	223	1
143	224	1
167	208	1
128	235	1
136	205	1
157	238	1
118	239	1
171	220	1
106	221	1
163	204	1
135	224	1
98	156	0
135	232	1
75	240	1
190	221	1
82	158	0
107	192	0
99	195	0
97	160	0
105	219	1
104	241	0
82	156	0
115	152	0
111	195	0
82	167	0
113	156	0
148	220	1
102	228	1
109	251	0
95	213	0
59	219	1
108	149	0
110	198	0
107	159	0
162	217	1
102	233	0
97	221	0
99	205	0
184	220	1
123	215	1
151	212	1
92	212	0
112	205	1
160	212	1
97	202	1
89	206	1
89	216	1
126	220	1
155	219	1
110	189	0
92	184	0
93	180	0
166	215	1
98	176	0
141	218	1
97	179	0
82	215	0
100	196	0
85	210	1
121	169	0
102	228	0
80	211	1
94	197	0
118	210	0
94	199	0
143	205	1
98	230	0
88	173	0
89	221	0
91	224	1
107	243	1
96	178	0
109	218	1
58	231	1
109	222	1
154	219	1
89	217	1
93	192	0
93	196	0
99	184	0
124	209	1
88	171	0
137	215	1
103	199	0
109	182	0
104	183	0
113	209	1
89	186	0
91	237	1
114	208	0
100	209	0
116	220	1
149	227	1
100	158	0
134	226	1
119	221	1
114	220	0
107	234	0
154	222	1
91	186	0
124	237	1
99	218	1
85	180	0
94	232	1
96	211	1
121	208	0
77	214	1
134	216	1
94	195	0
78	233	1
96	225	1
83	230	1
100	192	0
106	207	0
107	206	1
89	147	0
103	224	0
102	183	0
77	239	1
95	171	0
124	224	1
100	218	0
100	213	0
178	236	1
102	195	0
94	178	0
90	245	0
104	194	0
149	211	1
98	140	0
105	173	0
99	199	0
101	229	0
102	231	0
94	174	0
102	217	1
95	218	0
86	223	0
102	155	0
134	209	1
99	197	0
69	217	1
103	174	0
126	237	1
156	210	1
139	213	1
90	230	0
126	243	1
97	159	0
137	214	1
157	237	1
61	238	1
98	202	0
138	210	1
88	224	0
99	202	0
96	167	0
101	188	1
121	217	1
130	233	1
112	205	1
119	220	1
109	200	0
97	240	0
97	209	0
99	211	0
104	234	0
93	270	0
121	227	1
96	206	1
94	220	1
166	208	1
93	256	0
172	227	1
87	168	0
98	160	0
120	212	1
95	214	0
101	237	0
175	220	1
108	212	0
108	163	0
150	234	1
106	221	1
100	231	0
106	209	0
101	124	0
96	225	1
153	212	1
99	229	1
91	228	1
91	193	0
86	223	1
99	171	0
121	191	0
112	264	0
96	204	0
113	242	0
113	209	1
92	219	0
98	148	0
126	226	1
97	227	0
132	221	1
91	221	0
87	234	0
166	237	1
99	193	0
107	211	0
60	208	1
80	213	0
125	236	1
141	217	1
96	221	1
106	175	0
90	212	1
115	217	1
104	184	0
101	159	0
99	190	0
93	207	1
44	222	1
199	219	1
77	215	1
100	227	0
98	155	0
70	221	1
100	188	0
155	220	0
95	218	1
96	211	0
134	233	1
160	211	1
75	220	1
81	223	1
133	220	1
93	228	0
66	212	1
117	216	0
104	237	0
102	227	1
102	181	0
82	244	1
104	196	0
157	236	1
114	217	1
89	211	0
114	220	1
102	208	0
91	219	1
108	169	0
100	194	0
92	219	1
115	224	1
71	212	0
108	193	0
144	212	1
144	236	1
126	238	1
91	229	0
69	263	0
102	182	0
92	220	1
84	224	1
64	208	1
139	234	1
81	225	1
52	215	1
111	243	1
120	159	0
113	211	0
89	227	0
85	241	0
98	226	0
144	224	1
103	187	0
134	207	1
115	256	0
111	229	1
97	210	1
123	210	1
89	164	0
99	206	1
102	224	1
109	191	0
99	230	0
92	231	1
186	225	1
106	221	0
171	209	1
105	220	1
116	219	0
79	226	0
118	262	0
105	179	0
137	226	1
93	227	1
119	227	1
119	224	1
124	212	1
114	223	1
126	238	1
98	203	0
99	224	0
100	207	0
95	204	0
69	220	1
100	212	0
84	234	1
110	217	0
116	151	0
85	210	0
97	226	0
158	188	1
107	248	0
56	214	1
95	212	0
146	215	1
97	214	1
74	223	1
102	243	0
74	214	1
103	237	0
99	120	0
120	165	0
76	179	0
108	219	1
95	178	0
98	180	0
88	199	0
117	219	1
70	220	1
86	162	0
127	225	1
102	238	0
65	208	1
95	199	0
101	267	0
100	176	0
101	219	0
94	244	0
106	211	1
175	217	1
88	166	0
179	224	1
100	202	0
125	227	1
6	230	1
103	154	0
56	202	1
126	227	1
72	238	1
77	218	0
97	225	1
186	225	1
108	246	1
110	256	0
170	205	1
120	220	1
110	240	1
96	215	0
102	205	0
147	214	1
137	218	1
98	216	1
122	236	1
121	214	1
104	172	0
132	221	1
84	237	0
120	219	1
101	264	0
104	184	0
105	169	0
137	220	1
91	217	1
136	211	1
125	268	0
109	231	0
106	187	0
113	236	1
111	144	0
94	136	0
96	179	0
119	219	1
95	191	0
107	189	0
145	220	1
117	223	1
90	158	0
98	210	0
100	222	0
133	222	1
125	234	1
114	139	0
94	205	1
113	182	0
156	220	1
149	221	1
120	232	1
91	221	1
99	155	0
145	229	1
139	227	1
110	207	0
109	219	1
150	205	1
113	216	1
105	228	0
84	224	1
78	225	0
135	228	1
100	178	0
106	169	0
116	206	1
87	190	0
145	209	1
103	208	0
78	209	1
81	213	0
134	221	1
102	212	0
100	220	1
143	230	1
91	232	1
158	245	1
120	231	1
98	200	0
122	201	1
92	209	1
101	226	1
77	215	1
95	161	0
99	237	0
141	228	1
115	186	0
124	222	1
108	236	0
150	229	1
89	198	0
91	219	1
121	209	1
113	229	1
93	220	0
108	185	0
131	209	1
108	207	0
128	182	0
112	215	1
175	221	1
142	222	1
77	186	0
105	212	1
96	216	0
156	230	1
108	204	0
101	188	0
108	258	0
113	226	0
196	226	1
108	277	0
109	191	0
100	144	0
125	230	1
121	227	1
89	165	0
110	227	1
96	243	0
115	226	0
150	226	1
102	224	0
135	218	1
101	183	0
108	187	0
151	210	1
99	231	1
47	209	1
125	214	1
66	226	1
98	164	0
148	213	0
136	230	1
153	229	1
110	223	1
138	210	1
101	209	0
100	194	0
119	218	1
102	209	1
114	176	0
130	223	1
81	208	1
91	209	1
115	170	0
109	204	1
115	243	0
114	163	0
99	170	1
144	220	1
95	225	0
97	232	0
87	162	0
146	221	1
102	208	0
95	159	0
168	209	1
149	223	1
113	209	1
134	239	1
126	218	1
120	218	1
85	160	0
136	240	1
158	221	1
93	209	0
110	195	0
162	237	1
93	220	1
136	194	1
100	225	0
108	223	0
96	168	0
55	203	1
134	222	1
85	200	0
88	260	0
93	253	0
124	220	1
148	223	1
86	194	0
145	231	1
158	224	1
114	229	1
100	204	0
104	189	0
180	220	1
112	218	1
98	219	0
98	219	1
122	242	1
173	223	1
89	232	1
199	212	1
167	218	1
115	237	1
127	211	1
96	202	0
99	209	0
112	207	0
82	200	0
97	208	1
111	159	0
93	208	1
93	184	0
45	228	1
119	216	1
45	219	1
81	223	1
118	216	1
97	215	1
100	170	0
91	209	0
151	232	1
99	209	1
105	240	1
86	236	0
85	203	0
94	227	1
104	223	1
145	229	1
115	225	1
91	175	0
95	195	0
106	223	1
108	205	0
102	215	1
68	210	1
178	229	1
98	195	0
109	243	0
106	194	0
129	212	1
107	213	0
92	219	1
129	231	1
93	206	1
109	236	0
101	207	1
129	223	1
99	258	0
92	227	1
110	209	0
98	238	0
111	231	1
170	227	1
121	236	0
105	234	0
112	215	1
99	183	0
93	198	0
108	221	1
120	233	1
77	200	0
124	157	0
123	220	1
144	226	1
94	195	0
89	174	0
88	237	0
110	236	1
100	173	0
108	161	0
141	228	1
117	222	0
92	209	1
99	238	0
94	179	0
114	218	0
132	226	1
125	179	0
98	180	0
73	195	0
83	197	0
119	155	0
92	234	0
98	177	0
106	241	0
98	219	0
91	223	1
128	215	1
128	215	1
126	206	1
93	186	0
110	233	0
159	221	1
107	216	1
74	207	1
106	213	0
111	169	0
128	214	1
93	182	0
100	226	1
143	226	1
131	215	1
122	217	1
104	218	1
115	192	0
105	175	0
107	181	0
129	220	1
98	220	1
62	225	1
103	237	0
142	220	1
87	230	0
98	201	0
88	220	0
106	207	0
85	181	0
113	224	1
100	179	0
130	220	1
128	219	1
117	105	0
117	201	0
130	228	1
175	236	1
79	179	0
133	215	1
180	212	1
109	175	0
128	234	1
148	234	1
95	208	0
93	216	1
110	218	1
101	215	1
125	203	1
88	174	0
132	228	1
106	225	0
94	166	0
109	185	0
103	182	0
101	210	0
98	198	0
101	187	0
113	173	0
107	255	0
129	221	1
109	202	0
108	160	0
96	209	1
130	218	1
138	212	1
87	233	1
94	186	0
117	222	1
143	228	1
131	224	1
96	208	0
139	199	1
96	221	0
95	193	0
82	228	0
115	196	0
112	184	0
89	225	1
73	205	1
44	202	1
76	229	1
85	211	0
80	199	0
88	249	1
85	215	1
85	217	1
143	220	1
106	227	1
96	217	1
88	218	1
96	221	1
138	231	1
151	218	1
100	194	0
96	220	0
120	224	1
82	245	0
100	190	0
138	221	1
106	222	0
113	177	0
106	198	0
100	210	0
103	204	0
142	210	1
79	162	0
115	227	1
151	230	1
111	207	0
138	203	1
127	237	1
97	172	0
82	211	0
137	212	1
112	230	1
104	186	0
99	192	0
107	210	0
140	227	1
100	202	0
110	188	0
98	234	0
104	179	0
103	200	0
111	226	0
89	220	1
97	210	0
100	162	0
98	146	0
91	187	0
116	234	1
111	240	0
105	226	0
113	192	0
100	159	0
149	222	1
185	208	1
137	214	1
69	222	1
137	219	1
102	170	0
21	231	1
106	173	0
134	210	1
102	244	1
81	231	1
84	172	0
152	239	1
103	214	0
86	197	0
100	220	1
99	235	0
94	227	0
106	229	0
149	203	1
131	220	1
121	248	0
82	211	0
148	220	1
193	219	1
81	181	0
157	194	1
100	226	0
74	204	0
107	230	0
77	213	1
102	225	0
104	228	0
111	231	1
95	236	0
107	201	1
96	232	0
109	234	0
94	203	0
92	226	1
138	220	1
89	216	0
106	218	1
98	200	0
102	197	0
100	227	0
109	215	0
100	264	0
146	230	1
134	224	1
100	229	1
104	204	1
99	191	0
123	222	1
100	226	1
114	226	0
129	234	1
108	209	1
96	248	0
193	208	1
180	209	1
130	215	1
110	229	1
110	168	0
111	221	1
115	234	1
103	214	0
96	220	1
114	176	0
99	217	0
104	161	0
96	193	0
116	231	1
103	217	1
120	223	1
125	227	1
101	187	0
101	260	0
172	225	1
148	225	1
100	228	0
120	230	1
100	189	0
106	233	0
197	217	1
140	231	1
78	219	1
139	214	1
143	205	1
86	219	1
83	232	0
85	178	0
94	139	0
93	214	1
114	165	0
113	229	0
96	211	1
95	199	0
91	224	1
101	189	0
89	186	0
104	231	1
114	221	1
89	227	0
108	225	0
94	200	0
99	229	1
139	216	1
100	197	0
97	208	1
135	222	1
98	231	0
117	220	1
159	227	1
106	239	0
114	213	1
143	237	1
174	221	1
104	139	0
100	100	0
149	218	1
109	227	0
78	214	1
103	213	0
108	234	0
152	229	1
98	193	0
95	219	1
109	240	0
96	216	1
107	224	1
104	219	0
153	220	1
104	185	0
100	176	0
96	220	1
111	236	1
95	154	0
135	247	0
80	215	1
107	202	0
146	232	1
84	178	0
101	162	0
81	206	1
116	164	0
132	224	1
95	226	1
92	176	0
90	131	0
162	220	1
105	150	0
118	244	0
108	227	1
128	213	1
91	260	0
178	199	1
138	218	1
103	239	0
86	200	0
93	234	0
141	222	1
95	200	1
103	238	0
94	229	0
94	243	0
156	219	1
69	208	1
83	184	1
93	213	1
100	216	0
143	208	1
121	167	0
124	220	1
105	225	0
113	196	0
99	220	0
90	172	0
106	168	0
99	166	0
106	274	0
94	179	0
87	197	0
119	234	1
115	250	0
107	177	0
93	207	0
96	247	0
85	243	0
103	218	1
108	212	1
107	166	0
107	259	0
97	153	0
110	216	0
81	222	1
120	225	1
110	150	0
98	200	0
116	223	1
114	183	0
89	244	0
122	219	1
114	215	1
112	200	0
94	271	0
108	207	0
98	156	0
160	224	1
94	197	0
106	223	1
101	200	0
131	237	1
132	221	1
158	213	1
110	183	0
94	237	0
128	240	1
109	237	1
99	180	0
168	213	1
155	218	1
117	188	0
95	196	0
152	236	1
101	225	1
100	188	0
70	216	1
121	260	0
108	207	0
114	221	0
88	210	1
93	204	0
102	227	0
117	212	1
98	148	0
102	203	0
131	235	1
105	191	0
88	239	0
116	208	0
107	197	1
160	220	1
116	220	1
98	219	1
123	214	1
125	218	1
102	139	0
96	239	0
140	215	1
124	208	1
118	218	1
102	201	0
99	199	0
96	132	0
92	219	1
105	199	0
97	163	0
101	216	1
116	211	1
99	208	1
110	220	1
127	230	1
134	231	1
115	220	1
107	251	0
92	159	0
103	233	0
110	241	0
87	200	0
99	205	0
100	240	1
103	201	1
116	220	1
70	212	1
96	232	1
149	214	1
174	226	1
59	233	1
120	221	0
120	216	1
98	220	0
93	207	0
176	213	1
101	218	0
98	212	0
91	212	1
114	218	1
133	234	1
108	181	0
99	238	0
90	228	1
100	224	0
102	245	0
83	226	0
58	220	1
81	228	1
117	214	0
92	221	1
105	211	0
148	186	1
93	212	1
167	225	1
125	220	1
126	215	1
100	219	1
118	203	1
123	220	1
94	167	0
99	207	1
85	205	1
101	168	0
131	218	1
93	195	0
78	219	0
95	223	0
107	210	0
92	163	0
100	231	1
91	154	0
106	222	0
109	158	1
108	208	1
107	208	1
96	238	0
88	236	1
69	212	1
83	265	0
114	211	1
91	259	0
140	215	1
100	213	1
92	230	1
95	175	0
100	188	0
115	226	1
113	216	1
93	200	0
93	196	1
133	221	1
119	198	0
110	201	0
85	213	1
106	202	0
84	230	1
116	211	0
136	205	1
124	221	1
57	208	1
109	197	0
148	236	1
124	224	1
100	220	0
122	240	1
104	203	0
134	211	1
97	168	0
107	223	0
101	213	0
117	223	1
114	188	0
99	212	1
109	175	0
103	187	0
103	168	0
98	207	1
63	228	1
167	209	1
105	222	1
94	249	0
109	191	0
92	196	0
84	220	0
98	232	0
109	208	0
123	224	1
103	153	0
162	224	1
112	158	0
104	212	0
153	226	1
112	201	0
114	204	0
100	214	1
98	243	0
120	246	1
102	260	0
86	213	1
96	205	0
103	187	0
114	227	1
109	215	1
100	214	1
101	239	0
100	188	0
149	219	1
117	211	1
141	209	1
104	215	0
43	225	1
144	203	1
95	182	0
95	176	0
111	221	0
90	218	1
114	240	0
89	192	0
76	224	1
98	229	1
97	204	0
87	236	0
118	247	0
121	223	1
125	214	1
102	195	1
93	220	1
125	224	0
118	252	1
106	131	0
108	152	0
102	204	0
83	247	0
96	193	0
91	198	0
99	166	0
109	151	0
94	220	1
84	213	0
137	203	1
155	221	0
120	223	1
89	174	0
121	208	1
88	200	0
111	211	1
184	213	1
168	216	1
84	246	0
90	189	0
90	274	0
91	168	0
109	218	0
81	176	0
111	181	0
97	163	0
108	192	0
138	220	1
114	216	1
118	214	1
89	203	0
83	213	1
88	222	1
105	209	1
113	210	0
101	223	1
165	220	1
118	247	0
158	209	0
115	215	1
165	224	1
106	163	0
104	217	0
138	204	1
105	225	1
132	198	1
150	229	1
93	146	0
115	218	1
95	203	0
122	217	1
96	205	0
83	211	0
117	240	1
153	227	1
120	225	1
93	188	0
99	210	0
92	237	0
117	151	0
119	202	1
75	220	0
161	206	1
105	190	0
130	220	1
99	226	0
87	226	1
92	228	1
92	231	1
148	216	1
83	215	1
98	210	0
106	194	0
117	216	1
97	204	0
106	230	1
99	192	0
97	175	0
104	212	0
115	252	0
102	225	1
157	218	1
95	187	0
96	196	0
91	183	0
122	210	1
90	230	0
126	221	1
84	223	1
119	184	0
100	157	0
95	195	0
87	202	0
100	188	0
144	205	1
91	218	0
95	229	1
122	223	1
98	168	0
141	201	1
114	221	1
98	216	0
146	207	1
109	216	1
103	182	0
108	193	0
85	213	1
91	234	0
108	236	0
105	225	1
96	209	0
107	188	0
160	223	1
77	231	1
96	202	0
90	193	0
109	213	1
109	213	1
87	225	0
96	236	0
84	217	1
108	187	0
93	226	0
99	179	0
105	194	0
104	221	1
98	222	0
99	224	0
106	257	0
94	184	0
116	189	0
121	193	1
147	232	1
95	229	0
95	184	0
116	218	1
121	171	0
140	230	1
89	213	0
100	193	0
99	246	0
117	209	1
82	209	1
101	212	1
92	199	0
141	214	1
151	219	1
100	200	0
104	204	0
95	223	1
117	227	0
92	203	0
170	212	1
107	237	1
146	241	1
116	211	1
112	220	0
112	197	1
103	196	1
89	145	0
95	204	0
135	224	1
133	216	1
87	226	0
82	220	1
131	232	1
88	217	1
109	236	1
99	200	0
152	221	0
90	170	0
77	236	1
39	207	1
100	178	0
103	187	0
101	220	1
97	229	0
99	214	1
94	164	0
88	139	0
100	101	0
103	208	0
110	212	0
162	221	1
96	234	1
105	219	1
104	174	0
99	224	0
113	179	0
108	217	0
131	213	1
96	173	0
121	189	0
105	174	0
49	225	1
108	222	1
126	220	1
97	200	0
57	218	1
122	228	1
121	167	0
82	217	1
103	184	0
113	204	0
143	220	1
88	167	0
98	207	0
127	239	1
141	213	1
97	221	1
137	207	1
110	212	1
93	155	0
104	197	0
105	219	1
124	218	1
148	214	1
181	216	1
88	223	1
169	212	1
123	214	1
84	211	1
95	185	0
99	256	0
101	207	0
144	209	1
103	198	0
102	158	0
87	206	0
86	238	0
121	197	0
157	215	1
101	219	1
159	231	1
135	219	1
111	206	1
94	247	0
65	225	1
150	218	1
135	205	1
97	229	1
107	188	0
122	228	1
93	208	0
110	251	0
89	220	1
105	265	0
99	222	0
112	219	0
93	221	0
113	220	1
113	223	0
115	220	1
104	119	0
92	215	0
119	230	1
124	225	1
101	209	0
137	232	1
84	201	0
128	196	1
128	202	1
99	183	0
92	204	0
106	233	1
95	209	0
108	225	1
128	218	1
122	208	1
83	171	0
125	224	1
97	150	0
100	246	0
149	233	1
159	242	1
103	214	0
37	212	1
138	200	1
120	222	1
99	219	1
120	191	1
107	190	0
103	215	1
98	203	1
93	184	0
163	230	1
119	246	1
101	236	1
88	206	1
88	241	0
103	227	1
101	223	0
149	216	1
87	219	1
84	157	0
123	216	1
109	208	1
103	129	0
90	198	0
119	212	1
103	243	0
98	204	1
142	218	1
88	183	0
95	206	0
124	211	1
114	223	0
88	194	0
108	178	0
127	210	1
107	237	0
94	220	0
96	186	0
103	194	0
130	215	1
110	193	0
91	235	0
83	196	0
100	197	0
110	226	1
71	224	1
106	205	0
101	158	0
107	225	0
99	232	0
166	185	1
93	221	1
122	210	1
86	205	1
100	136	0
106	228	0
100	243	0
106	241	0
103	215	1
118	207	1
101	186	0
109	185	0
96	224	1
120	170	0
113	224	1
112	213	1
119	228	1
93	218	0
89	221	1
96	230	1
110	217	0
93	199	0
106	192	0
99	172	0
153	224	1
137	225	1
120	214	1
103	156	0
162	211	1
127	211	1
105	221	0
133	220	1
103	272	0
108	226	0
102	217	1
68	222	1
150	228	1
93	228	1
98	219	0
113	220	1
87	230	1
74	191	0
103	212	1
100	216	0
109	268	0
87	198	0
108	176	0
138	220	1
93	192	0
91	122	0
97	180	0
114	162	0
90	160	0
111	250	0
99	151	0
112	197	1
84	181	0
83	209	0
104	193	0
102	236	0
106	205	1
101	206	0
126	233	1
121	235	1
49	236	1
142	217	1
100	177	0
97	215	1
105	175	0
105	226	0
73	212	1
122	220	1
113	204	1
102	217	0
98	237	0
148	228	1
78	170	0
92	204	0
115	198	0
118	170	0
106	209	0
91	223	1
167	214	1
104	216	1
99	197	0
97	221	0
106	188	0
130	215	1
94	206	0
101	194	0
126	234	1
93	200	0
132	212	1
92	205	1
101	205	0
89	244	0
104	215	1
88	233	0
152	201	0
145	218	1
105	226	0
116	216	1
113	212	1
113	214	1
108	174	0
93	250	0
87	170	0
102	216	1
108	169	0
98	208	0
95	170	1
107	264	0
86	226	0
141	213	1
134	229	1
156	225	1
96	159	0
125	183	0
100	191	0
125	217	1
103	206	0
117	225	1
94	205	1
123	209	1
94	238	1
101	224	0
134	219	1
102	220	1
148	220	1
98	228	1
127	218	1
92	246	0
107	175	0
100	216	0
90	198	0
112	196	0
140	229	1
136	226	1
122	210	1
104	212	1
110	228	1
87	205	0
120	217	1
92	210	1
141	222	1
128	210	1
99	224	0
136	223	1
133	221	1
70	208	1
100	219	0
143	220	0
136	194	1
103	167	0
119	256	0
86	163	0
150	210	1
113	201	0
124	215	1
128	238	1
137	241	1
109	200	0
175	218	1
96	177	0
93	237	0
129	217	1
60	236	1
95	211	0
89	180	0
84	245	1
90	222	0
103	235	1
148	230	1
86	213	1
112	200	0
103	245	0
107	183	0
80	228	0
110	196	0
112	219	1
132	217	1
135	226	1
109	193	0
84	174	0
99	192	0
104	214	0
109	200	0
116	183	0
141	222	1
108	194	0
98	186	0
123	218	1
77	227	0
99	203	0
99	201	0
126	225	1
81	194	0
90	261	0
103	198	0
109	219	1
82	204	0
128	223	1
103	207	0
94	201	0
134	221	1
141	203	1
94	180	0
102	232	0
116	170	0
165	224	1
80	226	1
146	220	1
132	217	1
114	185	0
154	218	1
51	211	1
86	229	1
133	220	1
74	207	1
113	202	0
