var1	var2	class
319	137	1
77	290	1
222	237	0
107	52	1
167	192	0
29	156	1
344	29	1
157	139	0
347	340	1
235	224	0
287	125	1
64	48	0
352	345	0
301	265	1
156	116	1
195	31	1
179	262	1
88	427	1
389	257	1
23	267	1
78	27	0
348	205	1
239	12	1
158	81	1
363	263	1
52	30	0
276	343	1
400	360	0
140	113	1
45	134	1
157	238	1
374	344	0
180	145	0
330	191	1
158	323	1
408	157	1
45	364	1
348	197	1
57	76	0
5	223	1
28	149	1
171	168	0
177	16	1
72	169	1
168	78	1
327	312	0
185	142	1
237	208	0
50	376	1
303	163	1
349	231	1
417	55	1
271	-41	1
95	178	1
100	216	1
169	171	0
38	53	0
29	73	0
86	352	1
171	302	1
86	21	1
263	178	1
71	133	1
125	389	1
50	222	1
175	94	1
350	328	0
219	249	0
220	70	1
88	49	0
58	257	1
284	75	1
226	392	1
26	58	1
341	323	0
373	56	1
326	213	1
118	76	1
146	123	0
26	350	1
248	314	1
31	244	1
331	315	0
322	247	1
52	124	1
325	286	0
137	49	1
39	353	1
370	351	0
405	387	0
278	164	1
330	331	0
348	282	0
159	26	1
34	248	1
282	156	1
209	9	1
175	365	1
338	279	1
50	361	1
57	336	0
67	306	1
59	175	1
134	345	1
350	105	0
226	220	1
153	130	0
259	374	1
34	264	1
48	126	1
345	22	1
368	125	1
260	248	0
99	182	1
10	266	1
299	70	1
368	252	1
146	66	1
241	57	1
203	39	1
-7	354	1
28	67	0
72	378	1
242	27	1
33	324	1
339	72	1
162	148	0
16	348	1
54	268	1
25	344	1
92	67	0
370	362	0
111	271	1
207	74	1
380	355	0
93	50	0
164	118	0
354	55	1
385	44	1
321	354	0
346	42	1
301	394	1
239	329	1
264	175	1
182	247	1
106	330	1
32	277	1
231	36	1
254	79	1
250	362	1
131	379	1
257	320	1
149	237	1
41	88	0
289	368	1
132	76	1
334	248	1
128	104	1
139	79	1
127	69	0
62	42	0
205	28	1
69	211	1
52	411	1
269	55	1
46	379	1
212	362	1
207	296	0
220	140	1
181	203	1
271	174	1
384	169	1
330	53	1
-21	371	1
166	266	1
343	350	0
329	326	0
218	261	0
106	254	1
120	330	1
404	229	1
50	387	1
191	387	1
41	260	1
163	352	1
252	357	1
29	337	1
134	355	1
288	291	0
367	343	0
324	145	1
273	53	1
371	294	1
91	250	1
189	243	1
232	172	1
225	163	1
136	171	0
211	38	1
124	290	1
21	350	1
435	318	0
50	100	1
175	243	0
231	141	1
85	351	1
39	374	1
110	253	1
148	338	1
164	136	0
96	144	0
344	326	0
141	366	1
31	91	0
69	239	1
90	336	1
314	378	1
68	132	1
291	242	0
297	332	0
173	334	1
317	392	0
119	24	1
163	309	1
252	346	1
63	229	1
59	378	1
367	-16	1
27	125	1
36	355	1
6	88	0
209	135	0
145	152	0
302	97	1
327	-21	1
37	324	1
152	330	1
149	257	1
49	199	1
364	311	0
326	268	1
93	84	0
319	396	0
248	247	0
142	305	1
314	374	0
46	176	1
89	309	1
146	27	1
77	112	1
165	368	1
387	176	1
179	14	1
240	171	1
273	150	1
219	45	1
336	66	1
51	86	0
235	271	0
55	314	1
163	242	1
158	400	1
235	24	1
154	99	1
349	183	1
150	178	0
239	121	1
340	42	1
195	223	1
37	140	1
221	306	0
234	71	1
247	130	1
287	142	1
69	94	1
245	388	1
345	346	0
175	303	1
351	29	1
326	221	1
342	40	1
-13	378	1
92	230	1
10	291	1
315	132	1
235	87	1
70	258	1
245	332	1
289	93	1
364	164	1
275	13	1
190	36	1
336	231	1
113	226	1
236	242	0
188	16	1
130	327	1
57	129	1
342	159	1
196	265	0
125	370	1
48	270	1
130	73	1
252	293	0
32	224	1
35	88	0
239	34	1
135	169	0
87	22	0
351	30	1
353	147	1
-10	90	0
3	-21	0
135	248	1
148	248	1
262	310	1
395	250	1
389	332	1
175	45	1
169	259	1
356	118	1
55	387	1
170	352	1
238	230	0
25	34	0
252	236	0
62	213	1
337	351	0
350	244	1
166	279	1
203	260	0
238	217	0
304	127	0
257	29	1
21	52	0
314	100	1
350	360	0
11	350	1
55	109	1
345	95	1
53	151	1
94	300	1
256	350	1
324	224	1
243	307	1
153	279	1
361	250	1
146	142	0
264	14	1
274	234	0
33	32	0
130	257	1
142	152	0
399	193	1
67	304	1
355	359	0
167	373	0
49	52	0
331	364	0
207	30	1
64	40	0
342	250	1
360	249	1
258	241	0
337	350	0
394	30	1
227	166	1
126	322	1
294	220	1
124	139	0
235	320	0
221	304	1
259	213	0
68	302	1
365	169	1
251	309	0
368	126	1
225	41	1
342	367	0
330	188	1
175	76	1
65	416	1
123	164	0
146	255	1
195	194	0
64	251	1
246	280	0
175	34	1
142	85	0
375	244	1
288	414	1
379	233	1
49	7	0
164	264	1
234	60	1
153	354	1
370	51	1
394	150	1
30	395	1
37	168	1
234	385	1
179	431	1
163	398	1
362	164	1
331	203	1
50	317	1
327	181	1
13	252	1
396	156	1
171	29	1
114	236	1
340	237	1
348	341	0
60	135	1
180	150	0
378	324	1
20	265	1
311	339	0
350	327	0
136	187	0
114	-31	1
30	229	1
260	137	1
168	42	1
268	83	1
39	163	1
110	193	1
26	74	0
330	196	1
321	225	1
145	176	0
279	51	1
145	44	1
180	350	1
399	349	0
331	258	1
303	242	0
240	351	1
9	195	1
276	120	1
239	353	1
356	229	1
213	369	1
339	233	1
147	331	1
10	256	1
183	47	1
250	205	1
93	284	1
190	108	0
14	33	0
239	155	1
414	159	1
213	317	1
150	149	0
328	324	0
361	60	1
154	312	1
373	364	0
172	271	0
243	110	1
289	43	1
81	259	1
339	52	1
95	341	1
340	315	0
305	19	1
358	277	0
275	136	1
19	298	1
221	290	0
115	246	1
90	37	0
252	343	1
132	56	1
136	411	1
63	107	1
32	261	1
281	252	0
34	371	1
352	236	1
325	80	0
34	330	1
225	207	0
137	100	1
60	54	0
340	334	0
102	264	1
392	366	0
336	160	1
351	260	1
56	172	1
51	151	1
371	262	1
154	148	1
321	1	1
302	269	0
284	86	1
367	203	1
173	41	1
76	137	1
169	216	1
55	70	0
268	126	1
144	238	1
112	125	0
289	25	1
351	78	1
256	66	1
266	296	0
178	99	0
63	150	1
179	340	1
142	243	1
235	163	1
178	124	0
362	317	0
81	70	0
168	87	1
259	96	1
66	182	1
45	290	1
264	108	1
277	141	1
356	226	1
61	18	0
355	30	1
269	241	0
330	192	1
162	-11	1
14	222	1
342	236	1
83	138	1
262	48	1
152	132	0
185	229	1
157	77	1
332	290	0
-41	165	1
85	57	0
215	208	1
165	177	0
242	250	0
361	224	1
220	248	1
219	172	0
261	161	1
371	167	1
257	52	1
269	272	0
237	100	1
244	329	1
25	291	1
338	27	1
47	203	1
156	358	1
109	275	1
256	279	0
67	8	0
321	158	1
265	210	0
343	120	1
363	275	1
83	377	1
218	199	1
28	334	1
268	221	0
159	332	1
132	335	1
157	179	0
380	204	1
159	258	1
356	52	1
77	198	1
364	15	1
9	147	1
362	351	0
139	-10	1
100	283	1
235	363	1
365	115	1
118	130	0
117	349	1
328	128	1
245	233	0
103	385	1
201	389	1
283	108	1
320	89	1
308	247	1
74	333	1
278	47	1
81	150	1
34	356	0
88	221	1
387	32	1
194	21	1
30	206	1
380	129	1
267	280	0
60	65	0
95	124	0
119	84	1
291	63	1
73	134	1
225	49	1
352	244	1
359	290	1
136	199	0
143	285	1
256	361	1
126	330	1
140	287	1
322	301	0
182	160	1
148	347	1
198	101	1
285	350	1
138	43	1
45	340	1
186	273	1
177	337	1
151	95	1
56	357	1
36	125	1
221	124	1
300	330	0
386	361	0
124	327	1
292	104	1
36	95	0
274	71	1
173	239	1
267	374	1
165	368	1
43	330	1
275	21	1
109	398	0
239	238	0
288	260	0
243	347	1
366	225	1
265	109	1
44	238	1
189	62	1
127	143	0
190	151	0
197	257	1
163	200	1
68	168	0
125	39	1
240	389	1
269	154	1
339	81	1
117	80	1
252	72	1
359	133	1
290	4	1
260	317	1
94	232	1
43	70	0
320	212	1
259	147	1
229	48	1
284	177	1
415	124	1
146	151	0
42	201	1
355	359	0
345	261	1
41	335	1
172	242	0
140	219	1
232	50	1
200	415	1
65	-36	0
116	357	1
397	307	0
120	142	0
83	272	1
78	178	1
345	56	1
230	398	1
398	196	1
223	50	1
51	22	0
116	323	1
398	131	1
342	143	1
98	53	1
68	212	1
9	50	0
316	164	1
231	346	1
139	290	1
264	207	1
146	26	1
80	104	0
262	379	1
97	256	1
91	9	1
398	371	0
250	84	1
357	34	1
43	302	1
155	163	0
149	241	1
204	75	1
380	284	1
274	57	1
35	364	1
257	259	0
20	350	1
32	147	1
81	132	1
59	156	1
131	47	1
199	251	1
49	369	1
336	341	0
32	139	1
158	336	1
343	355	0
50	268	1
249	147	1
5	272	1
329	153	1
47	304	1
230	345	1
275	131	1
194	171	0
57	367	1
186	361	1
307	305	0
150	395	1
103	254	1
144	59	1
230	13	1
71	174	1
290	254	0
225	124	1
243	130	1
334	263	1
-8	265	1
373	293	1
137	74	1
58	216	1
138	342	1
71	232	1
196	53	1
264	150	1
221	260	0
81	147	1
347	179	1
163	170	0
334	51	1
107	174	0
252	73	1
102	193	1
233	111	0
43	329	1
47	186	1
100	345	1
207	315	1
226	243	0
197	332	1
354	149	1
257	149	1
307	18	1
331	199	1
119	272	1
-3	254	1
92	35	0
152	371	1
225	214	0
154	311	1
61	369	1
176	359	1
221	72	1
337	11	1
327	116	1
234	117	1
40	177	1
141	305	1
55	172	0
342	373	0
48	275	1
415	62	1
154	136	0
69	182	1
120	71	1
353	46	1
86	42	0
279	74	1
216	326	1
185	133	0
224	68	1
261	8	1
235	349	1
296	347	1
218	44	1
149	96	1
61	342	1
152	292	1
341	210	1
226	202	0
59	358	1
29	34	0
234	280	0
324	121	0
14	71	0
46	261	1
266	30	1
234	213	0
100	134	1
141	12	1
18	258	1
60	109	1
46	142	1
361	141	1
133	310	1
388	72	1
273	219	0
346	323	0
305	380	0
147	342	1
397	148	1
259	341	1
160	193	0
231	184	1
247	119	1
68	267	1
339	427	0
366	11	1
139	48	1
166	58	0
348	75	1
266	80	1
93	6	0
162	185	0
141	178	0
93	119	1
338	64	1
173	202	0
342	366	0
58	42	0
353	239	1
344	97	1
263	72	1
191	249	0
376	41	1
362	42	1
125	76	1
256	128	1
245	76	1
155	76	1
129	32	1
362	384	0
385	113	1
71	350	1
341	241	1
343	52	1
127	368	1
142	270	1
263	156	1
351	364	0
357	301	1
205	84	1
253	365	1
332	356	0
120	73	1
248	28	1
344	121	1
170	100	0
49	28	0
371	154	1
232	323	1
306	358	0
357	377	0
322	165	1
263	78	1
389	245	1
63	48	0
254	246	0
50	243	1
252	180	1
286	336	1
142	231	1
54	300	1
12	152	1
242	386	1
249	17	1
19	237	1
87	22	0
384	101	1
175	234	1
159	229	1
234	267	0
164	46	1
275	70	1
336	312	0
68	340	1
52	266	1
211	150	0
258	316	1
140	241	1
267	244	0
338	266	0
101	197	1
405	156	1
375	222	1
41	300	1
327	305	1
392	209	1
341	84	1
49	48	0
135	369	1
66	351	1
271	167	1
149	276	1
177	352	1
376	132	1
168	269	1
314	156	1
331	221	1
72	363	1
190	114	1
114	373	1
278	230	1
248	115	1
314	117	1
229	250	0
250	262	0
159	149	0
377	210	1
175	334	1
141	262	1
352	314	1
-4	373	1
251	414	1
229	297	1
122	351	1
321	50	1
210	122	1
311	228	1
407	195	1
136	372	1
300	164	1
335	208	1
74	208	1
53	245	1
17	163	1
159	4	1
163	310	1
29	262	1
368	362	0
63	261	1
142	171	0
44	381	1
189	194	1
38	105	1
70	297	1
213	301	1
218	166	1
50	349	1
339	40	1
65	228	1
154	19	1
245	28	1
147	308	1
385	166	1
127	344	1
250	143	1
343	353	0
82	350	1
193	277	0
146	237	1
372	128	1
49	225	1
43	59	0
18	52	0
52	136	1
200	50	1
318	168	1
306	92	1
141	155	0
230	157	1
268	230	0
146	257	1
261	267	0
33	381	1
325	21	1
386	170	1
331	84	1
13	189	1
110	45	0
149	361	1
176	151	0
320	53	1
228	264	0
39	23	0
350	329	0
327	200	1
171	140	0
193	262	1
46	253	1
238	181	1
94	215	1
82	246	1
118	321	1
250	155	1
-44	192	1
126	248	1
19	64	0
333	152	1
151	218	1
179	162	1
194	39	1
377	168	1
258	69	1
174	243	1
327	199	1
14	226	1
64	250	1
301	68	1
355	430	0
115	67	1
128	42	1
353	79	1
250	257	0
246	14	1
140	309	0
70	155	1
179	76	1
210	58	1
388	69	1
25	139	1
241	50	1
108	193	1
324	20	1
392	115	1
245	260	0
154	237	1
353	133	1
350	314	0
133	75	1
53	77	0
31	212	1
296	360	1
286	60	1
368	47	1
167	341	0
375	176	1
159	45	1
98	298	1
322	46	1
220	375	1
232	354	1
118	86	1
251	203	1
144	27	1
320	94	1
213	178	1
88	292	1
255	356	1
50	92	1
290	79	1
264	347	1
163	274	1
279	79	1
372	329	0
92	54	0
171	235	0
8	331	1
122	262	1
59	59	0
145	197	0
264	218	1
18	123	1
27	363	1
28	187	1
338	147	1
323	358	0
183	205	1
66	199	1
323	52	1
119	62	0
240	30	1
238	110	1
64	296	1
348	59	1
64	119	1
335	167	1
292	339	0
44	324	1
284	341	1
161	131	1
146	264	1
344	166	1
67	0	1
300	390	0
242	247	0
271	220	0
174	291	1
375	22	1
157	65	1
145	311	1
349	342	0
178	65	1
114	267	1
386	235	1
254	294	0
45	204	1
210	165	1
72	132	1
118	345	1
266	63	1
199	321	1
199	67	1
8	346	1
295	366	1
154	145	0
119	17	1
182	121	1
106	405	1
58	381	1
246	358	1
58	167	1
160	43	1
134	92	1
59	86	0
108	136	0
178	251	0
250	373	1
69	32	1
237	42	1
267	290	1
173	167	0
344	295	1
156	132	0
275	100	1
254	107	1
83	100	0
250	253	0
252	297	0
172	298	1
55	73	1
156	158	0
162	91	1
29	26	0
280	407	1
220	42	1
71	23	0
254	339	1
108	143	1
359	179	1
47	321	1
18	23	0
286	248	0
300	62	1
150	371	1
110	220	1
202	270	1
103	278	1
206	45	1
310	250	0
104	57	1
122	229	1
158	253	1
235	338	1
169	286	1
289	264	0
92	143	1
333	189	1
282	222	0
271	157	1
145	57	1
303	330	1
326	144	1
92	268	1
95	139	1
333	399	0
191	53	1
180	325	1
44	92	0
69	25	0
304	158	1
53	75	0
185	64	1
-12	250	1
350	36	1
245	216	0
378	352	0
324	41	1
147	83	1
73	30	0
247	394	1
17	370	1
148	259	1
240	75	1
297	377	1
71	166	1
244	222	0
339	257	1
133	291	1
55	226	1
45	183	1
192	25	1
-3	81	0
332	61	1
76	178	1
327	229	1
66	63	1
262	144	1
35	270	1
81	174	1
50	249	1
346	116	1
95	316	1
223	87	1
116	205	1
325	256	1
267	57	1
239	269	1
101	21	0
103	206	1
359	26	1
256	241	0
264	313	1
273	425	1
47	245	1
78	76	0
293	232	0
185	350	1
327	252	1
158	216	1
142	325	1
258	122	1
244	343	1
69	34	0
98	348	1
98	51	0
54	167	1
110	131	0
64	37	0
80	82	0
255	267	0
33	383	1
319	96	1
103	145	1
125	177	0
135	16	1
170	114	0
31	268	1
355	347	0
52	351	1
257	31	1
316	262	1
148	237	1
69	201	1
350	115	1
66	256	1
116	159	0
356	38	1
384	368	0
203	61	1
135	235	1
149	267	1
363	169	1
329	271	1
78	76	0
399	234	1
212	304	0
341	317	0
262	341	1
152	45	1
366	159	1
302	385	0
305	191	1
40	121	1
179	317	1
333	265	1
81	94	1
241	112	1
302	76	1
391	55	1
57	71	0
28	227	1
357	127	1
138	73	1
67	13	0
165	260	1
252	56	1
135	144	0
295	326	1
222	314	1
1	21	0
240	68	1
261	139	1
293	170	1
171	179	0
161	292	1
103	93	0
297	421	1
241	72	1
251	232	0
325	311	0
340	50	1
194	98	1
-7	61	0
22	304	1
355	161	1
350	351	0
1	245	0
339	105	1
138	205	1
71	62	0
242	168	1
283	209	0
43	418	1
121	160	0
141	398	1
402	229	1
169	94	1
337	315	0
101	25	0
99	307	1
245	259	0
145	116	1
240	184	0
108	141	0
385	124	1
138	274	1
166	132	0
170	250	1
336	277	1
367	185	1
243	45	1
281	105	1
138	24	1
355	334	0
233	223	0
112	262	1
109	252	1
271	404	1
192	17	1
398	225	1
223	115	0
158	257	0
293	164	1
244	332	1
248	206	0
201	250	1
306	233	1
108	145	1
386	259	1
270	69	1
329	339	0
124	254	1
25	70	0
347	130	1
97	114	1
320	127	1
343	166	1
363	116	1
348	49	1
125	260	1
66	208	1
247	83	1
401	262	1
279	237	0
314	-7	1
312	132	1
246	355	1
129	153	0
69	50	0
258	128	1
328	38	1
323	45	1
281	352	1
368	-15	1
365	368	0
344	22	1
66	164	1
156	276	1
148	240	1
102	223	1
236	163	1
-6	51	0
132	269	1
36	-2	0
156	253	1
199	198	1
136	187	0
333	246	1
327	366	0
355	168	1
22	178	1
62	348	1
333	178	1
217	352	1
304	132	1
385	350	0
213	114	0
150	253	1
28	61	0
181	142	0
357	263	1
181	150	0
206	345	1
354	354	0
184	86	1
33	221	1
216	166	1
219	145	1
75	116	1
150	149	0
280	231	0
245	174	1
182	208	1
302	192	1
21	131	1
441	232	1
71	32	0
16	138	1
346	301	0
47	182	1
254	49	1
343	321	0
299	172	1
98	264	1
14	232	1
377	284	1
364	251	1
39	144	1
400	243	1
50	151	1
41	256	1
11	130	1
89	65	0
238	70	1
353	300	1
57	282	1
33	77	0
110	349	1
267	216	0
221	39	1
311	164	1
126	10	1
328	358	0
254	225	1
261	281	0
-4	173	1
256	202	1
331	36	1
324	115	1
26	7	0
112	45	1
41	53	0
349	47	1
248	177	1
76	120	1
242	29	1
224	182	1
44	283	1
233	391	1
318	359	0
253	342	0
30	240	1
36	241	1
57	270	1
280	61	1
331	312	0
383	247	1
261	42	1
292	133	1
150	373	1
168	219	1
395	301	1
73	43	0
6	361	1
369	171	1
270	376	1
294	310	0
100	68	0
166	257	1
168	209	1
287	362	1
165	184	0
50	187	1
104	3	1
157	228	1
334	78	1
152	271	1
67	331	1
276	178	1
164	23	1
362	145	1
141	260	1
-17	363	1
350	50	1
334	180	1
262	245	0
200	132	1
222	269	0
189	34	1
190	280	1
-15	253	1
52	347	1
358	138	1
315	231	1
150	373	1
298	143	1
207	231	0
252	240	0
190	249	1
344	221	1
11	147	1
7	92	0
252	51	1
62	160	1
114	157	0
274	349	1
178	49	1
273	166	0
198	90	0
141	333	1
171	329	1
367	221	1
3	13	0
94	351	1
196	30	1
172	47	1
363	358	0
112	373	1
313	343	0
330	158	1
271	363	1
355	328	0
171	174	0
373	81	1
151	70	1
232	134	1
195	295	0
359	178	1
99	278	1
250	233	0
227	231	0
95	243	1
124	374	1
32	216	1
146	316	1
330	266	1
363	300	0
212	108	1
353	313	0
20	397	1
15	168	1
155	-9	1
378	130	1
233	365	1
89	5	0
126	363	1
50	78	0
72	150	1
150	361	1
173	321	1
318	138	1
245	216	0
66	349	1
59	284	1
264	322	0
270	368	1
362	242	1
250	125	1
250	96	1
389	66	1
29	316	1
406	46	1
63	391	1
103	13	1
364	362	0
246	136	1
353	262	1
39	227	1
170	198	1
326	341	1
130	303	1
5	339	1
80	245	1
111	329	1
52	378	1
239	78	1
19	190	1
228	129	1
145	291	0
348	352	0
126	157	0
259	135	1
51	279	1
250	246	0
87	352	1
328	293	1
303	90	1
32	13	0
254	385	1
393	89	1
337	-18	1
395	230	1
39	214	1
46	69	0
191	359	1
309	111	1
59	389	1
154	124	0
384	243	1
335	152	1
105	264	1
251	142	1
112	89	0
162	365	1
71	160	1
237	358	1
54	15	0
269	69	1
242	206	0
164	150	0
18	41	0
35	248	1
67	240	1
26	382	1
204	46	1
181	203	0
283	348	1
213	62	1
333	126	1
61	264	1
97	33	0
150	383	1
365	58	1
180	305	1
165	308	1
130	314	1
333	317	1
232	187	0
348	292	1
328	10	1
43	71	0
69	173	1
233	97	1
286	101	1
130	330	1
194	286	1
48	61	0
339	327	0
413	100	1
128	180	0
53	38	0
115	196	0
88	330	1
267	78	1
299	51	0
341	204	1
365	167	1
120	34	1
242	85	1
400	209	1
177	331	1
50	266	1
380	251	1
387	350	0
347	96	1
146	134	1
284	188	0
95	145	0
22	321	1
121	395	1
167	146	0
332	239	0
328	257	1
367	127	1
260	366	1
71	253	1
90	131	1
140	284	1
156	276	1
166	219	1
125	189	0
131	24	1
50	26	0
360	250	1
71	252	1
209	376	1
21	359	1
22	59	0
385	150	1
140	28	1
182	164	0
72	257	1
368	160	1
323	331	0
118	35	1
50	364	1
31	389	1
174	143	0
113	265	1
191	280	1
287	221	0
284	30	1
6	238	1
314	16	1
222	307	1
232	273	0
379	175	1
356	179	1
190	117	0
297	93	1
251	257	0
284	399	1
267	351	1
192	286	1
246	-50	1
170	194	0
16	282	1
149	215	1
312	27	1
191	351	1
358	62	1
161	129	0
350	278	0
189	73	1
167	79	0
268	172	1
29	354	1
51	351	1
229	358	1
354	344	0
41	143	1
378	5	1
378	103	0
17	335	1
358	182	1
269	6	1
171	262	1
146	73	1
167	391	1
215	138	1
165	48	1
85	128	1
232	269	0
86	26	0
266	154	1
82	94	0
202	167	0
56	12	0
132	335	1
53	360	1
195	181	0
92	106	1
107	171	0
67	154	1
179	282	1
379	346	0
234	277	0
33	67	0
356	127	1
149	77	1
57	230	1
350	3	1
364	150	1
150	309	1
70	200	1
72	205	1
299	192	1
60	248	1
238	39	1
25	55	0
232	320	1
313	24	1
155	223	0
214	102	1
305	74	1
143	305	1
216	150	1
359	370	0
281	247	0
352	35	1
67	129	1
104	247	0
257	143	1
346	370	0
319	-9	1
239	324	1
97	89	0
247	221	0
342	264	1
254	370	1
277	291	1
322	237	1
29	222	1
244	392	1
275	261	0
68	335	1
344	67	1
87	323	1
237	347	1
280	147	1
259	338	1
83	205	1
261	237	0
135	303	1
71	13	0
276	131	1
57	367	1
403	128	1
283	335	1
374	116	1
368	271	1
236	233	0
42	374	1
244	36	1
230	260	0
78	148	1
26	293	1
26	346	1
236	334	1
408	148	1
388	332	0
162	246	1
370	83	1
73	315	1
345	82	1
282	301	1
367	220	1
394	134	1
202	60	1
347	121	1
273	96	1
242	288	0
258	333	1
284	59	1
150	346	1
141	345	1
263	47	1
229	349	1
230	216	0
53	334	1
120	311	1
207	40	1
33	249	1
183	179	0
218	168	0
186	276	1
44	393	1
73	45	0
225	47	1
253	332	1
48	337	1
29	370	1
28	372	1
236	59	1
349	40	1
345	46	1
50	369	1
255	167	1
26	169	1
179	83	1
419	372	0
356	221	1
373	285	0
171	144	0
190	280	1
97	374	1
237	242	0
273	281	0
154	384	1
320	295	1
42	157	1
249	373	1
24	358	1
137	363	1
37	25	0
161	246	1
229	353	1
151	272	1
250	51	1
344	204	1
340	364	0
40	329	1
302	209	1
368	367	0
171	176	0
140	196	0
77	255	1
176	31	1
134	329	1
183	93	1
306	77	1
347	142	1
228	376	1
196	226	1
55	186	1
114	319	1
112	63	1
265	-8	1
381	268	0
360	291	1
87	54	1
51	51	0
154	332	1
55	174	1
358	214	1
297	52	1
17	269	1
148	65	1
382	232	1
58	165	1
272	156	1
2	225	1
330	102	1
46	259	1
150	26	1
42	21	0
217	115	1
346	165	1
160	35	1
62	267	1
345	140	1
198	415	1
351	352	0
126	27	1
356	120	1
79	276	1
356	14	1
163	155	0
-2	332	1
404	322	0
160	103	0
109	238	1
16	358	1
325	343	0
60	185	1
156	159	0
219	383	1
226	223	0
342	373	0
143	13	1
237	147	1
18	52	0
278	124	1
136	343	1
361	66	1
197	301	1
328	374	0
87	312	1
319	346	0
154	167	0
250	363	1
322	263	1
369	46	1
66	375	1
0	288	1
412	339	0
150	51	1
35	22	0
198	214	0
295	115	1
395	321	0
256	315	1
181	350	0
375	185	1
351	191	0
301	15	1
249	218	0
155	90	0
228	218	0
43	288	1
197	150	0
100	298	1
28	305	1
383	346	0
313	98	1
95	22	1
141	42	1
197	172	0
41	86	0
84	79	1
284	49	1
62	342	1
189	317	1
97	331	1
169	351	1
45	371	1
268	375	1
52	368	1
358	129	1
46	411	1
197	227	0
143	110	0
-11	169	1
107	295	1
386	77	1
149	245	1
277	62	1
340	126	1
258	241	0
352	-2	1
152	363	1
269	143	1
33	217	1
360	252	1
276	-26	1
61	365	1
392	276	0
165	174	0
65	296	1
7	168	1
387	77	1
26	165	1
36	99	1
92	20	1
311	103	1
69	246	1
161	173	0
129	56	1
160	322	1
25	120	1
170	44	1
154	125	0
112	388	1
131	320	1
156	64	1
378	243	1
39	203	1
55	95	0
219	6	1
356	402	0
356	332	0
100	297	1
351	370	0
256	333	1
351	333	0
77	198	1
88	348	1
74	441	1
191	342	1
257	90	1
246	177	1
336	70	1
253	38	1
67	142	0
330	324	0
311	272	1
79	184	1
326	49	1
44	42	0
110	62	1
133	79	0
334	262	1
127	293	1
187	293	0
1	24	0
341	92	1
51	359	1
259	42	1
309	100	1
236	186	1
82	251	1
253	155	1
355	292	1
78	65	0
342	40	1
377	57	1
339	11	1
323	359	0
204	56	1
144	319	1
383	27	1
44	334	1
160	29	1
250	52	1
356	209	1
259	345	1
244	135	1
69	271	1
243	31	1
58	152	1
350	26	1
369	27	1
-22	205	1
69	261	1
132	264	1
52	138	1
38	329	1
79	321	1
118	86	0
103	132	1
85	342	1
360	275	1
315	73	1
356	234	1
104	33	1
409	250	1
82	348	1
232	216	0
201	259	0
235	259	0
243	131	1
302	348	0
364	251	0
110	333	1
151	331	1
200	331	1
370	146	1
221	53	1
103	120	1
370	388	0
150	377	1
237	187	1
53	308	0
31	180	1
443	103	1
438	118	1
373	83	1
131	359	1
92	163	1
253	240	0
100	284	1
305	135	1
257	246	0
14	240	1
136	21	1
61	318	1
267	301	0
264	236	0
187	304	0
-18	22	0
167	12	1
183	55	1
233	146	1
412	236	1
325	258	1
57	113	1
261	48	1
362	243	1
67	213	1
238	85	1
10	132	1
46	329	1
123	273	0
338	72	1
350	388	0
196	284	1
125	293	1
136	320	1
287	126	1
329	26	1
30	214	1
224	298	1
50	258	1
250	64	1
80	337	0
397	8	1
313	390	0
190	53	1
228	272	0
235	141	1
102	134	0
250	219	0
222	300	1
350	339	0
41	63	0
153	371	1
342	241	1
192	373	1
191	35	1
201	69	1
8	385	1
-24	193	1
125	33	1
67	272	1
86	238	1
244	103	1
124	7	1
355	309	0
273	336	1
76	168	1
145	128	0
37	132	1
65	34	0
179	266	1
152	258	1
357	233	1
174	177	0
321	145	1
388	146	1
203	66	1
254	171	1
312	68	1
29	-3	0
151	223	1
36	55	0
144	153	0
320	250	1
90	65	1
107	68	1
33	139	1
373	350	0
199	277	1
141	327	1
70	146	1
154	197	1
50	155	1
355	285	1
51	197	1
331	26	1
158	127	0
260	325	1
41	280	1
72	276	1
323	128	1
9	227	1
37	166	1
129	116	0
269	27	1
37	332	1
381	204	1
248	136	1
64	115	1
180	173	0
184	127	1
235	243	0
171	241	1
345	170	0
153	384	1
40	185	1
58	341	1
284	184	1
121	247	1
184	239	0
190	18	1
39	221	1
67	246	1
117	258	1
374	385	0
136	137	0
321	360	0
69	142	1
150	163	0
119	299	1
264	239	0
59	166	1
32	111	1
168	265	1
351	125	1
47	63	0
38	374	1
126	120	0
243	27	1
14	145	1
233	386	1
383	207	1
23	366	1
332	50	1
111	101	0
193	90	1
358	285	1
38	122	0
355	149	1
33	410	1
351	231	1
43	146	1
322	397	0
35	157	1
70	22	0
346	357	0
159	339	1
312	55	1
261	332	1
140	142	0
141	222	1
244	156	1
51	122	1
193	34	1
282	41	1
252	280	0
296	268	1
181	27	1
375	50	1
370	-1	1
110	349	1
66	217	1
301	74	1
338	191	1
26	27	0
246	110	1
143	272	1
123	152	0
64	158	1
216	164	1
250	256	0
355	16	1
248	175	1
233	337	1
132	215	0
46	212	1
75	351	1
125	239	1
329	70	1
297	-9	1
117	381	1
54	137	1
253	191	0
10	215	1
27	254	1
52	295	1
140	356	1
299	366	1
275	324	1
48	163	1
76	252	1
391	197	1
281	178	1
31	52	0
213	370	1
139	376	1
228	2	1
132	208	1
308	19	1
238	21	1
159	240	1
148	298	1
210	347	1
158	14	1
30	297	1
302	196	1
258	125	1
90	75	0
349	2	1
272	350	1
156	103	0
316	348	1
176	398	1
261	349	1
373	300	0
76	55	0
-1	101	1
227	290	1
41	168	1
295	211	0
102	85	0
94	347	1
361	251	1
195	31	1
257	140	1
42	347	1
197	17	1
434	140	1
45	131	1
155	60	0
366	91	1
369	134	1
107	87	0
72	36	0
148	326	1
26	381	1
71	229	1
62	150	1
295	77	1
357	113	1
373	167	1
360	7	0
286	162	1
395	58	1
57	13	0
153	50	1
164	82	1
342	57	1
384	150	1
232	26	1
98	183	0
250	166	0
312	232	1
352	300	0
319	274	1
116	67	1
234	145	1
65	29	0
183	-20	1
84	19	0
290	190	1
247	58	1
63	160	1
7	243	1
165	323	1
313	236	1
198	130	0
271	62	1
32	197	1
376	140	1
81	21	1
364	251	1
142	236	1
24	325	1
43	119	1
132	61	1
359	168	1
75	261	1
374	86	1
61	389	1
81	375	1
62	373	1
160	336	1
240	284	0
33	326	1
325	240	1
326	172	1
348	43	1
256	313	1
145	187	0
64	165	1
49	356	1
370	60	1
362	123	1
267	297	1
395	37	1
43	32	0
262	212	0
231	292	1
172	142	0
269	289	0
75	83	0
8	127	1
88	146	1
323	113	1
28	-6	0
99	114	1
154	337	1
87	50	0
174	355	1
281	128	1
24	61	0
329	297	1
25	94	1
339	131	1
45	86	0
58	265	1
178	4	1
129	185	0
299	-14	1
306	285	0
50	264	1
49	151	1
328	271	1
357	357	0
151	352	1
131	100	1
123	402	1
277	254	0
167	153	0
32	56	0
134	18	1
332	338	0
378	116	1
291	78	1
355	240	1
249	71	1
18	236	1
76	349	1
61	51	0
140	219	1
321	406	0
153	211	1
261	70	1
275	346	1
21	50	0
270	36	1
341	362	0
189	357	1
379	212	1
371	126	1
116	64	1
55	121	1
151	27	1
119	265	1
66	105	0
185	81	1
79	72	0
353	370	0
368	161	1
278	232	0
155	136	0
157	380	1
158	377	1
306	38	1
97	156	1
375	65	1
391	167	1
309	55	1
57	215	1
321	281	1
255	109	1
164	228	1
409	44	1
384	317	0
139	71	1
315	342	0
274	384	1
116	266	1
253	134	1
111	278	1
373	29	1
61	127	1
312	234	1
375	376	0
297	371	0
253	-5	1
54	200	1
164	143	0
126	131	0
261	340	1
59	-18	0
182	173	0
343	104	1
249	151	1
62	144	1
92	369	1
140	148	0
31	164	1
44	169	1
192	71	1
358	326	0
170	207	1
260	53	1
222	58	1
241	332	1
318	64	1
281	369	1
35	286	1
395	65	1
13	240	1
64	328	1
272	265	0
209	197	0
86	180	1
278	33	1
77	385	1
243	151	1
103	49	0
244	111	1
152	51	1
339	130	1
121	139	0
185	105	0
349	353	0
250	282	0
240	-7	1
305	139	1
342	154	1
383	133	1
279	222	0
56	333	1
274	239	0
131	390	1
125	310	1
189	364	1
181	69	1
46	352	1
25	345	1
288	155	1
229	115	1
34	134	1
247	114	1
27	388	1
174	284	1
250	145	1
92	262	1
113	56	0
113	30	1
136	387	0
289	253	0
267	70	1
89	162	1
114	178	0
165	389	1
60	225	1
350	347	0
244	362	1
216	296	1
374	192	1
281	53	1
49	363	1
269	385	1
348	126	1
210	349	1
321	348	0
202	308	1
86	233	1
221	1	1
362	255	1
287	39	1
328	7	1
11	244	1
255	253	0
352	207	1
255	369	1
82	216	1
76	200	1
50	123	1
170	211	1
24	354	1
25	94	1
146	181	0
159	216	1
127	368	1
249	288	1
55	356	1
33	275	1
47	416	1
396	82	1
369	274	1
130	157	0
201	57	1
345	154	1
133	154	0
171	158	0
198	250	1
110	127	0
19	63	0
301	273	1
167	146	0
82	361	1
147	297	1
258	199	1
338	133	1
325	353	0
106	353	1
376	305	0
65	250	1
1	56	0
8	340	1
380	252	1
239	295	0
165	178	0
258	0	1
234	40	1
346	367	0
142	184	0
364	74	1
161	150	0
41	28	0
122	83	1
359	44	1
389	374	0
153	-6	1
342	132	1
153	249	1
175	243	1
272	77	1
132	294	1
160	327	1
146	239	1
264	166	1
36	335	1
377	89	1
332	256	1
266	348	1
9	68	0
189	139	1
169	120	0
285	55	1
24	14	0
310	143	1
46	295	1
77	241	1
247	141	1
46	254	1
64	35	0
136	147	0
70	367	1
331	234	1
235	16	1
160	155	0
235	268	0
289	302	1
351	143	1
144	231	1
167	379	1
334	129	1
247	362	1
29	236	1
280	249	0
0	231	1
28	359	1
310	133	1
321	263	1
125	57	1
115	132	0
317	185	0
339	161	1
167	28	1
330	82	1
243	7	1
284	152	1
26	349	1
74	35	0
129	161	0
234	365	1
59	161	1
108	330	1
167	362	1
9	259	1
-20	217	1
52	60	0
333	161	1
42	380	1
21	302	1
385	320	0
52	328	1
11	182	1
358	78	1
278	123	1
201	159	0
156	203	0
46	4	0
237	106	1
345	143	1
127	175	0
73	336	1
272	69	1
386	273	1
326	241	1
331	198	1
272	144	1
189	159	0
49	119	1
155	241	1
58	92	0
326	223	1
357	38	1
356	226	1
114	400	1
352	160	1
242	173	1
287	181	1
153	175	0
92	159	0
255	337	1
185	226	1
341	347	0
364	179	1
113	129	0
233	170	1
353	36	1
315	257	1
185	137	1
155	-15	0
45	9	0
249	57	1
355	362	0
279	322	1
156	53	1
23	166	1
17	309	1
210	390	1
389	278	1
233	13	1
21	146	0
383	27	1
19	285	1
43	52	0
168	230	1
123	237	1
167	77	1
225	70	1
152	175	0
338	64	1
373	83	1
316	29	1
0	352	1
342	360	0
259	343	1
74	232	1
191	39	1
199	22	1
299	200	1
227	43	1
43	395	1
106	38	1
362	398	0
183	20	0
150	8	1
56	176	1
207	18	1
62	354	1
261	123	1
227	249	0
113	346	0
177	86	1
129	141	0
220	51	1
245	339	1
169	73	1
274	243	0
148	260	1
286	380	1
99	2	1
75	302	1
70	280	1
367	316	0
7	260	1
132	168	0
229	54	1
125	290	1
46	282	1
317	135	1
173	288	1
32	243	1
53	5	0
135	351	1
8	76	1
254	35	1
326	259	1
272	386	1
265	172	1
182	373	1
381	320	0
225	90	1
358	129	1
154	254	1
20	252	1
142	201	1
362	41	1
194	250	0
316	212	1
272	172	1
106	183	0
62	50	0
335	231	1
129	352	1
65	260	1
379	274	1
91	25	0
217	26	1
92	401	1
249	104	1
36	40	0
141	169	0
166	344	1
26	379	1
131	45	1
43	331	1
62	232	1
309	359	0
325	106	1
79	35	0
39	224	1
371	150	1
83	139	1
345	215	1
361	251	1
250	136	1
326	34	1
354	291	1
158	52	1
350	15	1
355	142	1
-15	103	0
340	324	0
62	119	1
70	200	1
369	141	1
149	145	0
31	329	1
287	345	1
165	91	1
246	228	0
217	267	0
240	129	0
129	300	1
225	295	0
270	270	0
239	320	1
378	328	0
78	13	0
167	256	0
20	17	0
43	93	1
378	263	1
97	267	1
225	50	1
45	357	1
50	192	1
242	149	1
193	343	1
314	58	1
88	36	0
350	344	0
86	296	1
58	143	1
351	202	1
348	190	1
61	50	0
354	166	1
170	223	1
22	84	0
40	39	0
148	391	1
149	118	0
360	348	0
-11	348	1
139	340	1
244	213	0
147	325	1
77	44	1
117	353	1
367	251	1
277	181	1
151	152	0
265	82	1
409	67	1
350	49	1
181	233	1
349	156	1
256	298	0
66	195	1
257	341	1
115	338	1
62	36	0
179	80	1
342	344	0
338	282	1
204	353	1
9	134	1
328	281	0
196	374	1
217	279	0
267	31	1
325	183	1
48	317	1
300	142	0
207	277	0
123	165	0
208	350	1
83	129	1
15	287	1
173	337	1
48	385	1
372	137	1
282	192	1
279	56	1
254	58	1
257	119	1
169	256	1
272	55	1
131	188	0
159	364	1
320	182	1
180	283	1
244	278	1
355	135	1
49	125	1
257	312	0
165	61	1
48	101	0
84	153	1
330	236	1
260	318	1
100	31	1
247	226	0
345	285	1
94	14	0
285	264	0
318	231	1
158	52	1
142	331	1
64	344	1
277	374	0
327	157	1
24	145	1
75	176	1
69	306	1
277	92	1
60	262	1
384	345	0
354	280	1
-1	310	1
59	250	1
306	346	1
320	154	1
278	240	0
153	315	1
133	220	1
110	-28	1
349	327	0
189	3	1
35	339	1
99	281	1
193	360	1
170	67	1
169	340	1
349	47	1
179	352	1
73	336	1
102	239	0
385	328	0
250	279	0
133	349	1
350	159	0
339	72	1
331	98	1
138	151	0
299	406	0
275	359	0
203	314	1
158	47	1
389	39	1
310	322	1
118	355	1
150	85	1
295	399	0
249	28	1
46	281	1
369	164	1
142	40	1
126	383	1
166	174	0
51	27	0
309	17	1
160	163	0
15	353	1
16	141	1
243	318	1
179	100	1
363	353	0
209	362	1
395	249	1
250	150	1
89	246	1
240	388	1
73	385	1
229	369	1
363	235	1
370	208	1
136	178	0
257	361	0
371	312	0
41	251	1
35	253	1
349	337	0
251	75	1
358	78	1
323	217	1
44	121	1
152	213	1
357	230	1
58	136	1
370	117	1
316	244	1
41	262	1
16	69	0
324	246	1
234	142	1
141	283	1
382	252	1
152	72	1
161	58	1
173	158	0
114	129	0
126	331	1
273	313	1
300	354	1
229	4	1
244	157	0
61	402	1
48	120	1
267	137	1
242	235	0
165	16	1
30	60	0
238	258	0
156	374	1
263	160	1
311	333	0
102	271	1
76	296	1
281	299	1
29	348	1
73	370	1
360	54	1
267	204	0
397	82	0
390	328	1
372	332	0
139	28	1
391	349	0
147	57	1
150	257	1
82	341	1
127	63	0
239	54	1
170	338	1
333	146	1
332	169	1
206	6	1
187	39	1
36	62	0
156	250	1
321	32	1
142	87	0
119	54	1
299	304	1
148	303	1
99	53	0
25	84	0
161	83	1
321	-11	1
262	351	1
252	39	1
400	331	0
68	214	1
243	243	1
268	351	1
286	342	1
130	12	1
265	107	1
115	62	1
152	53	1
382	337	0
91	163	1
148	47	1
66	152	1
131	112	0
285	363	1
223	280	0
255	230	0
33	348	1
37	335	1
103	351	1
23	352	1
350	33	1
342	244	1
362	25	1
45	172	1
250	175	0
256	173	0
314	14	1
244	51	1
321	371	0
130	264	1
192	134	0
332	26	1
380	233	1
116	40	1
185	246	1
269	3	1
276	246	0
76	54	0
35	176	1
-4	-12	0
255	378	1
248	112	1
350	228	1
163	339	1
223	208	1
255	45	1
341	278	1
42	165	1
287	141	1
7	34	0
186	102	1
41	203	1
199	8	1
60	55	0
320	32	1
384	238	0
143	89	0
115	355	1
82	368	1
108	179	0
343	126	1
234	33	1
58	51	0
73	132	1
244	342	1
221	115	1
115	45	1
383	325	0
356	156	1
296	159	1
322	66	1
185	163	1
118	269	1
247	15	0
355	249	1
209	391	1
170	277	1
12	120	1
116	268	1
255	270	0
191	172	0
305	114	1
177	63	1
369	350	0
54	230	1
70	377	1
163	143	0
117	273	0
23	243	1
54	378	1
275	242	0
340	269	1
327	16	1
261	340	1
37	143	1
61	5	0
241	132	1
156	144	0
251	97	1
316	32	1
309	66	1
158	51	1
116	148	0
345	310	0
35	46	0
114	337	1
52	266	1
307	353	1
322	193	1
370	311	0
339	304	0
126	39	1
279	313	1
334	113	1
131	92	0
49	251	1
27	164	1
330	2	1
376	158	1
404	257	1
-2	69	0
329	269	1
88	134	1
183	93	0
280	96	1
377	142	1
252	37	1
390	45	1
75	255	1
57	-30	0
76	121	1
87	216	1
352	243	1
72	141	1
107	331	1
57	368	1
261	107	1
245	188	1
22	145	1
11	166	1
337	90	1
330	146	1
248	266	0
368	363	0
297	160	1
49	183	1
263	143	1
232	306	1
139	20	1
54	72	0
223	62	1
225	154	1
140	261	1
228	262	0
258	112	1
328	141	1
105	43	1
307	377	0
39	353	1
258	-28	1
41	61	0
24	48	0
225	148	1
282	152	1
37	346	1
41	203	1
42	332	1
63	385	1
234	172	1
253	72	1
301	239	0
118	-28	1
181	317	1
59	388	1
370	314	0
145	347	1
295	243	1
-10	310	1
236	186	1
243	85	1
129	38	1
185	353	1
332	212	1
212	34	1
179	181	0
66	282	1
230	105	1
349	260	1
403	372	0
367	248	1
-18	136	0
350	339	0
377	260	1
272	243	0
250	325	1
127	282	1
184	268	1
18	44	0
360	59	1
167	212	1
209	238	0
197	366	1
205	229	1
332	170	1
21	64	0
354	339	0
326	335	0
345	364	0
36	146	1
372	152	1
188	138	0
133	36	1
151	268	1
398	364	0
162	382	1
313	175	1
178	374	1
216	186	0
246	323	1
10	302	1
144	256	1
319	266	1
392	251	1
28	132	1
261	370	1
263	140	1
164	50	1
309	240	0
69	26	0
362	133	1
343	88	0
78	366	1
96	137	1
122	135	0
197	94	1
133	208	1
157	319	1
38	229	1
147	38	1
91	303	1
41	158	1
154	228	1
385	39	1
62	11	0
401	292	0
355	335	0
349	141	1
239	251	1
153	334	1
148	27	1
98	314	1
51	252	1
144	153	0
332	50	1
60	195	1
250	240	0
267	369	1
238	350	1
205	348	1
71	355	1
232	264	0
226	148	1
156	222	1
325	260	1
72	112	0
387	141	1
280	158	1
38	258	1
304	-11	1
127	353	1
258	146	1
355	263	1
364	156	1
342	217	1
270	167	1
387	-2	1
172	315	1
117	214	1
210	175	1
320	45	1
352	25	1
96	286	1
332	35	1
285	139	1
266	334	1
114	219	1
138	259	1
381	276	1
355	136	1
249	343	1
260	336	1
53	76	0
34	161	1
-7	274	1
261	150	1
16	154	1
260	53	1
236	149	1
167	85	1
280	20	1
128	172	0
32	118	0
110	217	1
207	158	0
59	130	1
210	78	1
159	387	1
18	374	1
137	344	1
30	146	0
370	94	1
62	342	1
42	354	1
361	97	1
136	41	1
250	153	1
246	249	0
128	97	1
24	80	0
135	140	0
260	89	1
284	119	1
138	204	1
239	129	1
147	332	1
341	34	1
20	300	1
226	134	1
292	375	0
243	26	1
20	64	0
366	352	0
391	13	1
354	388	0
257	33	1
44	90	0
152	184	0
173	33	1
180	205	1
181	216	1
29	294	1
345	150	1
369	-6	1
360	242	1
334	137	1
311	235	1
150	70	1
322	26	1
357	228	1
167	160	0
20	-2	0
64	225	1
50	372	1
317	83	1
164	112	0
115	290	1
163	140	0
236	321	1
389	257	1
327	281	1
11	252	1
422	140	1
340	228	1
165	143	0
147	32	1
77	363	1
35	85	1
356	66	1
391	180	1
21	243	1
248	247	0
159	368	1
62	326	1
263	186	0
297	343	1
129	165	0
58	110	1
76	317	1
282	147	1
73	333	1
252	249	0
249	299	1
146	263	1
72	283	1
234	105	0
150	279	1
247	50	1
62	182	1
45	142	1
387	222	1
332	345	0
395	293	1
144	84	0
252	284	0
238	155	1
374	137	1
361	79	1
356	295	0
295	260	0
239	294	1
107	360	1
77	306	1
69	160	1
325	242	1
354	389	0
196	115	1
167	111	0
39	277	1
17	258	1
108	19	1
178	298	1
97	147	1
91	246	1
455	287	1
66	159	1
190	356	1
154	273	1
295	-2	1
295	319	0
60	352	1
369	54	1
243	389	1
310	238	1
242	121	1
282	162	1
256	327	1
298	329	0
251	213	1
19	151	1
262	112	1
127	377	1
347	289	1
64	122	0
201	68	1
102	178	1
352	216	1
364	150	1
146	17	1
115	394	1
45	21	0
27	35	0
270	58	1
17	219	1
204	143	0
12	296	1
383	348	0
69	142	0
149	380	1
177	201	1
15	186	1
281	104	1
312	383	0
201	235	1
165	339	1
347	266	1
209	121	1
378	31	1
399	149	1
261	131	1
137	157	1
375	174	1
298	368	0
244	190	1
34	118	1
270	37	1
372	152	1
340	243	1
37	325	1
46	268	1
342	231	1
417	250	1
15	106	1
139	375	1
44	35	0
-22	123	1
61	221	1
362	415	0
49	19	0
351	127	1
109	330	1
274	224	0
139	350	1
278	210	0
30	166	1
78	357	1
43	267	1
192	212	0
327	247	1
345	135	1
388	128	1
137	308	1
13	378	1
34	119	1
164	167	0
364	280	1
144	80	1
161	166	0
189	54	1
363	269	1
267	41	1
170	357	1
290	225	0
285	76	1
232	378	1
111	366	1
338	225	1
49	251	1
326	76	1
342	46	1
218	225	0
264	352	1
292	56	1
49	366	1
343	134	1
284	367	1
352	76	1
230	308	1
38	53	1
127	135	0
202	226	0
239	384	1
94	56	0
295	258	0
298	38	1
55	180	1
341	353	0
279	262	0
123	390	1
356	130	1
409	89	1
143	186	0
250	186	1
186	222	0
87	160	1
315	163	1
374	332	0
109	84	0
163	66	1
-16	140	1
45	398	1
139	186	0
319	361	0
310	324	1
122	138	0
348	223	1
282	213	0
378	149	1
155	159	0
255	358	1
286	282	0
158	98	1
210	72	1
312	366	0
354	291	1
32	306	1
129	169	0
121	317	1
352	206	1
40	151	1
29	30	0
178	169	0
261	250	0
342	333	0
24	150	1
81	280	1
191	192	1
194	226	1
259	283	0
237	155	1
282	361	1
338	98	1
341	71	1
369	333	0
347	180	1
277	139	1
262	167	1
157	253	1
66	251	1
389	311	1
324	283	1
393	75	1
217	303	1
273	156	1
257	132	1
171	287	1
344	66	1
63	259	1
383	160	1
276	270	0
42	200	1
76	141	0
361	248	0
82	149	1
148	350	1
348	133	1
102	271	1
62	350	1
183	72	1
400	269	1
276	192	1
256	48	1
41	75	0
218	303	0
307	244	0
282	35	1
344	279	1
31	147	1
79	233	1
266	275	0
335	82	1
196	337	1
348	286	1
118	214	1
264	199	1
36	374	1
386	150	1
232	164	1
280	61	1
351	249	1
174	57	1
378	63	1
270	333	0
364	227	1
215	365	1
199	145	1
123	24	1
256	317	1
27	271	0
266	196	1
72	256	1
345	93	1
65	342	1
76	68	0
216	357	1
339	361	0
361	153	1
337	333	0
76	113	1
383	244	1
10	355	1
411	54	1
347	413	0
258	251	0
352	206	1
322	302	1
129	380	1
187	97	1
27	94	1
324	151	1
47	167	1
251	298	0
63	369	1
332	227	1
12	365	1
309	85	1
374	42	1
292	288	0
193	249	0
61	43	0
214	268	0
65	337	1
76	200	1
249	345	1
133	104	1
401	100	1
356	202	1
334	265	1
232	159	1
67	232	1
37	347	1
126	161	0
126	236	1
157	80	1
354	68	1
234	246	0
77	342	1
135	256	1
78	10	0
250	370	1
138	14	1
203	80	1
122	169	0
250	150	1
295	28	1
129	87	1
359	116	1
201	147	1
150	214	1
252	262	0
370	221	1
78	318	0
312	301	0
85	327	1
184	69	1
114	394	1
247	74	1
377	261	1
347	164	1
29	299	1
-5	122	1
35	181	1
279	343	1
367	269	1
282	52	1
165	75	1
195	362	1
15	375	1
175	219	1
362	284	0
238	41	1
65	263	1
84	276	1
7	-5	0
269	174	1
166	156	0
259	253	0
126	206	0
426	264	1
174	327	1
62	127	1
126	309	1
41	254	1
213	76	1
79	134	0
294	250	1
57	254	1
150	62	1
18	189	1
50	237	1
178	406	1
214	152	1
41	265	1
163	75	1
128	167	0
343	404	0
396	121	1
193	336	0
8	140	1
394	32	1
69	245	1
81	363	1
399	52	1
6	15	0
73	24	0
350	360	0
74	292	1
300	259	1
235	279	0
385	374	0
329	229	1
269	134	1
231	168	1
397	165	1
381	58	1
336	270	1
379	44	1
65	215	1
114	176	1
340	59	1
250	257	0
75	62	0
144	82	1
295	340	1
322	314	0
121	308	1
265	45	1
191	270	1
38	339	0
32	279	1
392	315	0
223	70	1
352	239	1
107	321	1
113	230	1
14	41	0
319	347	0
181	42	1
140	94	1
345	135	1
266	225	0
217	64	1
251	244	0
278	259	0
52	80	1
243	97	1
18	97	0
66	384	1
283	246	1
123	134	1
264	141	1
186	107	0
227	358	1
135	279	1
393	260	1
189	151	0
112	295	1
103	366	1
237	258	0
126	163	0
163	260	1
207	15	1
256	137	1
219	411	1
135	196	0
107	40	1
47	377	1
296	227	1
1	119	1
126	247	1
222	155	1
234	94	1
253	80	1
70	340	1
330	312	1
273	325	1
150	42	1
261	30	1
392	132	1
71	243	1
164	312	1
254	-51	1
382	118	1
137	44	0
249	245	0
248	344	1
250	160	0
237	278	0
137	115	0
334	291	0
325	234	1
364	109	1
300	-2	1
278	356	1
68	128	1
292	152	1
30	207	1
186	332	1
348	112	1
346	300	0
249	255	0
361	277	1
361	17	1
40	373	1
278	12	1
46	300	1
342	38	1
277	164	1
329	90	1
328	167	1
150	277	1
323	277	1
39	37	0
334	400	0
253	74	1
366	339	0
177	8	1
126	331	1
20	311	0
142	70	1
145	258	1
358	151	1
251	382	1
15	263	1
26	231	1
56	277	1
108	144	0
192	329	1
323	0	1
266	247	0
235	58	1
358	311	1
181	134	0
168	382	1
156	150	0
33	318	1
43	161	1
136	149	0
338	269	1
392	236	1
367	344	0
61	152	1
250	290	0
257	201	0
232	303	1
358	112	1
419	362	0
168	268	1
122	243	1
329	241	1
178	332	1
161	376	1
227	78	1
180	238	1
315	35	1
83	39	0
12	337	1
265	179	1
132	150	0
100	150	1
349	128	1
364	336	0
274	298	0
85	230	1
253	311	1
146	341	1
52	226	1
-26	47	0
112	41	1
116	144	1
146	317	1
166	198	0
120	114	0
122	344	1
168	226	1
262	55	1
264	378	1
192	286	1
356	117	1
292	370	1
276	316	0
163	339	1
56	202	1
162	111	0
307	283	1
205	52	1
57	345	1
266	67	1
149	360	1
254	183	1
433	360	0
44	303	1
26	36	0
274	154	1
226	57	1
17	72	0
212	231	0
136	255	1
11	244	1
263	144	1
166	297	1
340	358	0
157	272	0
236	220	1
229	355	1
285	262	0
114	382	1
362	146	1
80	53	0
263	278	0
106	76	1
401	256	1
305	318	0
325	353	0
334	337	0
337	305	1
73	322	1
264	193	1
331	58	1
157	203	1
223	71	1
151	331	1
319	10	1
117	355	1
266	234	0
85	343	1
308	323	0
344	250	1
298	141	1
87	356	1
52	20	0
151	92	1
174	187	0
42	329	1
287	233	0
336	3	1
336	376	0
244	374	1
213	176	0
107	245	1
13	384	1
364	197	1
254	148	1
137	295	1
159	6	1
318	68	1
74	121	1
108	26	1
246	333	1
347	327	0
379	53	1
288	8	1
48	140	1
239	30	1
217	329	1
113	181	1
160	149	0
78	51	0
327	180	1
62	342	1
221	241	0
202	338	1
333	121	1
148	30	0
91	96	0
345	167	1
31	175	1
154	131	0
410	165	1
198	240	1
78	48	0
284	129	1
336	123	1
27	142	1
231	1	1
246	156	1
150	118	0
421	247	1
183	62	1
369	247	1
258	59	1
374	375	0
323	121	1
407	227	1
159	53	1
55	357	1
243	196	1
135	24	1
143	391	1
122	249	1
54	66	0
299	78	1
132	245	1
54	378	1
228	130	1
256	85	1
98	268	1
216	329	1
57	174	1
178	397	1
191	61	1
352	134	1
123	164	0
308	234	1
5	378	1
193	56	1
123	325	1
111	368	1
33	329	1
255	295	0
236	53	1
173	343	1
206	256	0
398	208	1
193	69	1
300	98	1
253	384	1
148	183	0
94	273	1
176	340	1
217	76	1
379	58	1
354	44	1
387	-12	1
205	392	1
206	360	1
43	50	0
327	211	1
2	454	1
38	284	1
81	106	1
72	93	0
139	150	0
127	291	1
369	235	1
290	171	1
38	265	1
152	36	1
92	375	1
164	141	0
379	204	1
166	79	1
84	104	0
145	250	1
46	232	1
79	141	1
345	55	1
43	63	0
388	113	0
51	211	1
222	21	1
273	273	0
37	20	0
163	233	1
97	239	1
135	27	1
200	59	1
37	138	0
148	172	0
270	112	1
221	55	1
224	331	1
180	309	1
314	132	1
128	9	1
28	320	0
131	341	1
18	153	1
156	317	1
186	-52	1
150	249	1
240	68	1
79	159	1
100	351	1
130	265	1
357	277	1
61	312	1
1	290	1
140	376	1
177	382	1
278	134	1
46	207	1
314	63	1
70	80	0
49	137	1
410	78	1
13	239	1
356	384	0
52	369	1
137	123	0
242	43	1
323	347	0
247	263	0
164	116	0
330	113	1
364	58	1
270	291	1
332	45	1
46	265	1
330	252	1
389	195	1
269	244	0
-8	158	1
352	265	0
390	161	1
52	343	1
340	258	1
337	282	1
381	19	1
30	338	1
365	164	1
322	56	1
-32	361	1
104	300	1
240	49	1
280	305	0
191	39	1
356	157	1
283	294	0
113	207	0
412	233	1
115	293	1
199	323	1
305	379	0
13	314	1
259	62	1
48	52	0
59	77	0
14	215	1
307	299	0
250	396	1
359	275	1
88	371	1
178	40	1
69	180	1
236	335	1
14	285	1
109	268	1
298	84	1
153	314	1
77	118	1
272	261	0
205	46	1
150	250	1
302	132	1
194	258	0
119	354	1
238	27	1
224	172	1
52	54	0
251	333	1
150	171	0
175	254	1
115	268	1
32	293	1
84	46	0
9	252	1
131	147	0
341	185	1
80	197	1
243	406	1
161	112	0
251	30	1
141	143	0
246	274	0
411	194	1
172	383	1
75	59	0
307	351	1
183	170	1
50	141	1
316	85	1
58	5	0
253	182	1
288	256	1
255	317	1
65	331	1
-20	264	1
63	356	1
114	147	0
52	151	1
111	347	1
368	41	1
382	248	1
178	37	1
249	108	1
270	244	0
180	397	1
178	47	1
272	166	1
158	29	1
46	18	0
56	166	1
196	387	1
55	46	0
399	210	1
398	207	1
269	180	1
138	270	1
285	141	1
139	111	0
223	106	1
348	112	1
303	271	0
231	208	0
63	240	1
210	353	1
167	-6	1
24	320	1
154	153	0
220	333	1
39	294	1
27	194	1
133	10	1
384	31	1
157	375	1
105	353	1
229	217	0
260	235	0
257	77	1
347	59	1
44	54	0
163	200	1
222	164	1
351	128	1
36	123	1
106	197	1
42	162	1
46	82	0
309	142	1
254	333	1
162	-11	1
349	362	0
82	120	1
364	164	1
353	416	0
263	331	1
148	43	1
18	358	1
363	89	1
152	406	1
219	0	1
21	306	1
113	164	0
135	165	1
307	22	1
317	75	1
64	32	0
252	325	1
233	386	1
119	182	1
91	260	1
362	174	1
144	397	1
81	231	1
241	342	1
63	388	1
114	403	1
103	347	1
187	278	1
70	398	1
369	361	0
239	356	1
-16	10	0
-5	65	0
65	106	1
280	171	1
202	311	1
175	144	1
70	132	1
311	274	1
381	25	1
134	53	1
154	141	0
144	316	1
242	193	1
180	347	1
208	78	1
123	390	1
130	33	1
191	296	0
21	35	0
348	153	1
288	249	1
284	243	0
338	390	0
438	87	1
123	69	1
340	250	1
363	33	1
346	234	1
178	58	1
87	59	1
335	24	1
303	57	1
44	226	1
128	49	1
45	81	0
294	360	1
145	159	0
350	383	0
74	103	1
366	350	0
339	184	1
55	160	1
75	376	1
346	240	1
171	96	1
168	124	0
368	153	1
372	373	0
322	374	0
318	388	0
344	44	1
104	202	1
361	98	1
128	417	1
304	247	1
270	264	0
384	210	1
194	338	0
327	20	1
136	-2	1
56	323	1
172	167	0
166	115	1
287	340	0
151	90	0
163	275	1
187	347	1
326	236	1
238	57	1
135	360	1
-7	354	1
360	328	0
303	231	0
57	261	1
138	236	1
413	339	0
158	265	0
115	160	1
237	169	1
164	332	1
282	128	1
165	364	1
324	58	1
168	349	1
213	251	0
46	83	0
137	38	1
291	348	1
307	71	1
116	357	1
81	54	1
226	264	0
105	314	1
193	361	1
34	132	1
263	322	1
78	8	0
145	347	1
258	151	1
307	79	1
71	144	1
160	329	1
320	324	0
230	135	1
239	338	0
56	406	1
48	314	1
314	36	1
286	225	0
315	183	1
291	193	0
313	132	1
30	174	1
52	265	1
243	51	1
359	56	1
203	398	1
156	209	1
254	195	0
176	259	1
249	248	0
363	25	1
79	58	0
398	206	1
314	120	1
266	71	1
337	-12	1
191	392	1
142	138	0
114	51	0
-6	196	1
136	200	0
325	331	0
120	16	1
275	283	1
27	140	1
270	231	0
36	165	1
79	10	0
350	265	1
231	33	1
368	253	1
134	361	1
116	158	0
243	394	1
33	350	1
42	80	1
119	347	1
-4	128	0
182	341	1
185	253	0
80	254	1
195	367	1
306	401	1
12	283	1
335	289	1
42	252	1
161	357	1
247	10	1
175	157	0
167	40	1
100	124	0
228	232	1
236	284	0
234	216	0
137	74	1
245	161	1
34	377	1
11	191	1
165	362	1
212	346	1
363	324	0
302	353	1
48	80	0
306	263	0
-1	119	1
47	148	1
231	131	1
260	-3	1
85	22	0
362	326	0
205	224	0
218	277	0
62	96	1
398	34	1
25	294	1
42	218	1
274	309	1
34	245	1
114	220	1
179	412	1
332	268	1
20	132	1
109	87	1
226	308	1
120	285	1
52	421	1
409	241	1
389	366	0
267	122	1
252	113	1
76	347	1
171	328	1
143	205	0
324	259	1
170	343	1
359	443	0
62	308	1
262	243	0
148	309	1
357	110	1
227	243	0
254	139	1
259	269	0
212	352	1
200	28	1
370	150	1
269	176	1
93	264	1
233	133	1
301	344	1
278	272	1
325	237	1
245	225	0
41	136	1
360	111	1
355	156	1
91	221	1
276	140	1
347	266	1
123	264	1
239	225	0
111	235	1
128	153	0
70	313	1
278	272	0
271	64	1
-4	51	0
187	59	1
243	136	1
235	143	1
50	202	1
149	75	1
114	353	1
268	327	1
300	184	1
378	335	0
59	35	0
43	17	0
125	265	1
349	51	1
90	215	1
304	380	0
376	334	0
60	46	0
212	175	1
39	223	1
301	345	0
310	161	1
248	337	1
127	371	1
164	315	1
342	287	1
442	272	1
81	257	1
33	206	1
253	59	1
288	301	1
209	195	0
230	297	1
367	315	1
391	48	1
76	131	1
168	251	1
140	63	1
365	146	1
145	305	1
152	151	0
261	179	0
247	86	1
333	89	1
270	197	0
247	365	1
161	251	1
39	319	1
141	24	1
127	354	1
174	129	0
252	169	1
-25	115	1
57	34	0
392	31	1
392	72	1
51	368	1
350	238	1
128	132	0
61	61	0
82	177	1
48	247	1
382	231	1
42	251	1
51	103	1
77	93	1
181	360	1
134	344	1
350	58	1
350	186	1
50	329	1
294	247	0
173	69	1
251	368	1
145	270	1
24	132	1
310	153	0
230	405	1
352	23	1
147	74	1
159	294	1
178	182	0
46	304	1
161	390	1
252	402	1
22	274	1
17	190	1
277	50	1
357	153	1
256	331	1
150	298	1
128	178	0
343	127	1
321	118	1
348	280	1
5	50	0
111	61	1
167	217	1
347	43	1
190	137	0
191	236	1
334	71	1
332	170	0
337	374	0
250	151	1
334	354	0
62	61	0
13	349	1
142	42	1
236	22	1
164	328	1
277	59	1
386	149	1
238	44	1
29	316	1
272	351	1
173	51	1
340	100	1
135	387	1
209	74	1
305	62	1
60	244	1
147	346	1
103	296	1
257	27	1
139	297	1
282	51	1
167	253	1
108	203	1
220	50	1
333	277	1
372	82	1
64	268	1
135	287	1
1	388	1
321	318	0
368	187	1
124	44	1
141	126	0
125	140	0
134	381	1
92	148	0
299	252	0
55	92	1
85	354	1
56	1	0
355	-10	1
164	154	0
300	74	1
180	317	1
201	369	1
356	406	0
303	345	0
20	-17	0
264	249	0
367	357	0
328	170	1
204	326	1
37	208	1
268	224	0
186	47	1
83	190	1
189	304	1
157	215	1
200	115	0
96	309	1
212	247	0
156	252	1
245	33	1
255	69	1
173	373	1
239	160	1
49	160	1
344	169	1
260	260	0
60	113	1
307	138	1
374	100	1
88	8	0
135	358	0
274	250	0
206	25	1
156	78	1
144	104	0
267	425	1
33	-7	0
81	261	1
33	386	1
191	238	1
388	375	0
103	218	1
341	53	1
-17	343	1
27	338	1
140	362	1
225	242	0
88	151	1
186	373	1
350	351	0
104	393	1
42	389	1
345	345	0
290	274	0
393	340	0
367	352	0
119	252	1
62	370	1
252	109	1
179	91	1
139	143	0
331	237	1
253	198	1
42	316	1
284	135	1
12	211	1
353	379	0
349	9	1
324	239	1
89	359	1
350	276	1
287	123	1
310	13	1
363	343	0
126	343	1
206	247	1
78	81	0
306	77	1
344	150	1
80	348	1
243	253	0
96	276	1
352	213	1
238	127	1
4	344	1
123	322	1
370	252	1
135	182	0
116	251	1
166	299	1
88	30	1
143	138	0
186	58	1
159	224	1
271	266	0
253	128	1
252	284	0
381	42	1
169	261	1
296	101	1
367	12	1
79	366	1
275	362	1
-6	184	1
379	41	1
30	286	1
313	328	0
383	253	1
139	317	1
304	98	1
149	372	1
311	73	1
167	164	0
319	-17	1
197	390	1
235	248	0
167	263	1
359	314	0
341	278	1
355	213	1
60	269	0
209	50	1
60	49	0
294	122	1
62	269	1
225	214	1
127	24	1
5	26	0
164	32	1
350	35	1
263	81	1
377	368	0
243	39	1
319	157	1
19	275	1
278	170	1
160	354	1
174	361	1
287	263	0
368	279	1
404	350	0
201	139	0
42	-17	0
194	354	1
209	103	1
80	221	1
220	350	1
4	290	1
237	65	1
14	51	0
190	140	0
309	163	1
205	281	0
-5	43	0
285	229	1
386	157	1
59	-10	0
77	5	0
381	373	0
205	256	0
277	274	0
247	26	1
209	95	1
140	120	0
243	352	1
-20	296	1
386	123	1
194	165	1
125	168	0
191	273	1
100	102	1
277	347	1
352	309	0
335	86	1
278	263	0
220	360	1
321	92	1
126	239	1
96	94	1
81	292	1
158	33	1
425	222	1
364	290	1
29	108	1
55	335	1
350	353	0
234	148	1
259	331	1
-3	144	1
172	229	1
70	95	1
353	343	0
218	281	0
331	155	1
134	167	0
58	90	1
359	50	1
6	396	1
269	140	1
346	10	1
249	263	0
397	323	0
95	93	0
134	239	1
351	70	1
215	50	1
376	276	1
249	75	1
320	67	1
277	109	1
366	241	1
289	374	0
105	388	1
136	104	0
141	268	1
286	360	1
267	219	0
54	99	1
79	48	0
143	179	0
140	234	0
155	224	0
49	206	1
155	314	1
61	362	1
214	91	1
303	136	1
169	247	0
213	333	1
173	113	1
330	18	1
411	247	1
8	116	1
237	65	1
254	91	1
60	198	1
20	28	0
181	252	0
386	250	1
368	269	1
158	21	0
21	121	1
257	226	1
107	240	1
93	348	1
351	38	1
169	375	1
127	274	1
262	251	0
357	347	0
388	162	1
4	277	1
189	26	0
60	105	1
345	136	1
144	350	1
187	4	1
108	76	1
407	46	1
318	253	1
223	248	0
107	203	1
34	409	1
163	56	1
45	59	0
128	46	1
145	128	0
118	40	1
156	263	1
186	384	1
411	380	0
82	136	1
336	56	1
146	373	1
262	249	0
345	109	1
393	324	1
-5	283	1
301	315	1
290	188	1
144	202	1
28	167	1
43	272	1
72	377	1
47	268	1
364	350	0
279	54	1
251	239	0
338	127	1
86	30	0
76	237	1
160	295	1
365	25	1
157	51	1
215	50	1
248	21	1
234	250	0
391	293	0
19	87	1
222	291	0
142	138	0
246	56	1
27	77	0
299	9	1
389	392	0
334	59	1
367	318	0
245	135	1
137	102	0
241	331	1
374	121	1
206	239	0
64	63	0
43	238	1
101	373	1
46	111	1
192	299	1
3	363	1
306	361	0
340	8	1
350	377	0
357	31	1
379	352	0
358	50	1
292	253	0
271	192	1
58	78	1
127	38	1
127	44	1
250	209	1
71	134	1
203	219	1
270	229	0
382	57	1
195	368	1
240	375	1
218	62	1
250	276	0
-16	-6	0
342	78	1
2	107	0
127	286	1
406	234	1
266	346	1
334	166	1
60	267	1
328	24	1
171	251	1
50	246	1
127	217	1
255	330	1
19	271	1
115	266	1
169	306	1
246	104	1
67	412	1
41	181	1
200	186	0
105	343	1
366	-18	1
24	2	0
355	210	1
368	45	1
308	365	1
81	202	1
314	239	1
360	231	1
173	110	0
255	247	0
263	248	0
105	17	1
347	13	1
152	294	1
229	330	1
73	235	1
248	65	1
187	55	1
186	108	1
81	50	1
258	221	0
148	226	1
161	265	1
36	354	1
243	48	1
22	344	1
374	255	1
344	46	1
80	373	1
263	238	0
191	53	1
60	340	1
132	237	1
247	247	0
189	283	1
368	37	1
54	294	1
116	420	1
43	115	1
162	278	1
230	55	1
135	289	1
73	126	1
14	50	0
82	64	0
379	326	0
133	139	0
223	262	0
282	354	1
78	209	1
364	27	1
385	203	1
219	360	1
131	382	1
308	326	0
93	66	1
323	67	1
162	331	1
174	372	1
397	76	1
44	42	0
337	249	1
218	49	1
160	344	1
264	250	0
24	345	1
182	78	1
33	331	1
323	110	1
210	43	1
287	171	1
240	244	0
40	350	1
331	275	0
228	150	1
374	275	1
257	118	1
334	236	1
245	150	1
80	342	1
303	34	1
372	90	1
121	363	1
311	72	1
278	-21	1
154	266	1
96	150	1
386	57	1
47	327	1
118	47	1
342	243	0
217	217	0
201	72	1
339	39	1
351	350	0
204	217	0
160	331	1
103	96	0
237	266	0
165	379	1
146	368	1
279	163	1
165	331	1
46	383	1
234	375	1
247	30	1
349	114	1
257	284	1
330	266	1
48	284	1
238	53	1
359	-8	1
241	207	0
75	385	1
124	268	1
26	150	1
388	58	1
260	148	1
46	40	0
234	325	0
225	98	1
18	134	1
35	405	1
123	250	1
262	152	1
170	380	1
41	241	1
60	103	0
23	167	1
161	331	1
235	360	1
342	247	1
289	49	1
346	180	0
170	202	0
254	30	1
282	73	1
292	68	1
323	314	0
338	69	1
118	166	0
280	159	1
35	17	0
232	150	1
91	378	1
192	163	0
309	321	0
184	265	1
206	6	1
322	331	0
384	248	1
5	390	1
242	257	0
126	374	1
288	243	0
322	350	0
383	335	0
214	378	1
79	49	0
330	38	1
176	362	1
391	243	1
245	325	1
249	61	1
257	347	1
338	325	0
382	76	1
54	295	1
46	83	0
349	352	0
392	68	1
322	364	0
345	250	0
327	155	1
282	242	1
1	341	1
45	353	1
318	352	0
354	356	0
256	144	1
301	213	1
60	60	0
94	58	0
231	383	1
394	55	1
371	141	1
377	220	1
266	13	1
377	221	1
357	260	1
152	289	1
82	250	1
126	211	1
69	250	1
322	91	1
98	27	1
240	148	1
252	167	1
172	19	1
339	258	1
53	105	0
228	56	1
268	275	0
121	233	1
361	303	0
315	374	1
185	269	1
375	22	1
279	29	1
26	315	1
262	197	0
50	154	1
348	39	1
181	50	1
312	353	0
181	290	1
276	38	1
34	156	1
39	150	1
257	272	0
270	390	1
158	14	1
321	374	0
342	220	1
228	241	0
354	134	1
163	164	0
129	354	1
-6	182	1
189	262	1
223	186	1
12	95	1
129	133	0
166	367	1
343	247	1
323	167	1
362	17	1
363	248	1
369	70	1
5	240	1
153	206	1
138	131	0
-9	52	0
50	104	1
128	117	0
342	159	1
-16	147	1
190	259	1
277	57	1
71	-1	0
44	125	1
149	267	1
243	85	1
75	351	1
316	28	1
150	52	1
329	250	1
368	396	0
256	144	1
238	-14	1
266	126	1
382	169	1
201	356	1
162	236	1
262	233	0
28	215	1
39	56	0
357	129	1
34	284	1
338	319	0
51	144	1
342	297	1
164	335	1
68	194	1
184	214	1
291	311	1
367	136	1
18	250	1
61	84	0
311	277	1
346	366	0
100	201	1
270	86	1
157	291	1
376	136	1
308	320	0
39	71	0
38	-9	0
165	368	1
50	172	1
231	-17	1
91	345	1
83	48	0
241	291	1
39	353	1
167	361	1
113	254	1
342	154	1
154	180	0
27	232	1
114	68	1
272	340	1
283	353	1
316	205	1
355	149	1
96	114	0
366	117	1
38	162	1
57	245	1
94	33	0
311	42	1
234	82	1
133	60	1
129	-22	1
153	325	1
111	174	0
157	310	1
137	47	1
289	25	1
261	73	1
246	155	1
201	246	0
189	336	1
248	353	1
53	212	1
83	330	1
68	219	1
227	343	1
342	266	1
142	49	1
349	293	0
32	257	1
64	338	1
150	141	0
88	221	1
334	352	1
212	176	1
92	252	1
62	194	1
140	292	1
164	217	1
162	254	1
69	171	1
119	127	0
373	84	1
385	285	1
196	155	1
270	139	1
160	369	1
179	151	0
199	12	1
19	97	0
231	155	1
275	147	1
263	167	0
274	13	1
241	267	0
418	112	0
255	-5	1
224	35	1
325	325	0
162	123	0
392	363	0
397	123	1
213	139	1
143	386	1
226	191	1
164	142	0
237	96	1
234	305	1
188	34	1
156	395	0
381	349	1
368	301	0
176	357	1
78	53	0
138	238	1
28	60	0
72	347	1
74	70	0
364	120	1
310	289	1
169	154	0
194	363	1
42	218	1
115	320	1
115	148	0
323	25	1
28	239	1
330	428	0
74	368	1
233	273	0
305	138	1
259	260	0
269	344	1
202	361	1
60	240	1
269	50	1
240	19	1
314	209	0
223	342	1
308	253	1
108	34	0
155	168	0
230	54	1
75	353	1
212	297	0
374	334	0
169	69	1
72	6	0
54	57	0
133	265	1
170	250	1
224	47	1
389	354	0
108	114	1
94	179	1
200	393	1
52	187	1
78	59	1
244	303	0
261	167	1
150	110	1
54	163	1
29	108	1
219	278	1
285	118	1
264	168	1
390	26	1
262	353	1
246	124	1
154	153	0
-4	156	1
36	250	1
367	286	1
360	109	1
143	289	1
202	111	0
62	155	1
217	106	1
172	377	1
59	26	0
226	81	1
179	64	1
249	280	0
227	356	1
277	254	0
22	324	1
370	358	0
362	29	1
48	30	0
143	203	0
125	143	0
361	130	0
393	266	1
118	78	1
281	356	1
350	21	1
131	216	1
372	213	1
283	140	1
158	259	1
80	35	0
188	324	1
174	189	0
141	153	0
372	155	1
278	255	0
237	198	1
386	44	1
223	364	1
128	132	1
246	72	1
64	301	1
318	83	1
303	228	0
228	65	1
317	292	0
364	157	1
236	45	1
405	412	1
195	64	1
247	313	0
93	320	1
76	345	1
328	24	1
321	57	1
243	10	1
341	50	1
361	271	1
54	148	1
109	137	0
27	393	1
363	274	1
187	150	0
40	346	1
151	228	1
350	288	1
383	-3	1
167	167	0
376	179	1
76	60	0
204	249	1
370	393	0
51	350	1
354	-13	1
60	80	0
112	41	1
40	88	0
93	241	1
154	167	0
145	94	1
191	70	1
328	60	1
72	62	0
17	202	1
270	208	0
41	4	0
40	386	1
332	11	1
406	93	1
44	100	1
182	123	0
54	235	1
311	302	1
370	299	0
45	318	1
370	70	1
94	238	1
392	283	1
153	219	1
230	237	0
65	285	1
358	352	0
260	267	0
123	365	0
63	132	1
54	215	1
171	183	1
369	240	1
235	228	0
203	340	1
270	263	0
277	61	1
338	38	1
324	336	0
8	145	1
133	156	0
39	136	1
153	45	1
23	187	1
88	63	0
398	344	0
387	372	0
259	229	0
354	310	1
142	345	1
357	246	1
229	363	1
248	24	1
80	184	1
200	228	1
227	284	0
255	210	0
105	218	1
-21	159	1
125	244	1
294	255	0
132	182	0
130	10	1
183	159	1
150	52	1
255	75	1
241	385	1
415	298	1
375	374	0
388	283	1
287	241	0
230	177	1
118	210	0
361	161	1
88	376	1
164	260	1
152	366	1
251	355	1
225	267	0
147	366	0
389	-13	1
64	24	0
184	235	1
156	374	1
158	25	1
354	116	1
164	236	1
221	398	1
350	78	1
29	262	1
126	257	1
125	283	1
377	104	1
88	302	1
181	369	1
161	47	1
98	292	1
280	77	1
153	62	1
62	179	1
116	255	1
40	166	0
198	229	1
230	28	1
134	71	1
232	8	1
404	208	1
30	160	1
81	239	1
267	140	1
388	380	0
241	202	0
350	183	1
185	8	1
101	56	1
371	260	1
59	315	1
75	75	0
51	229	1
53	168	1
60	277	1
48	202	1
294	237	1
44	125	1
109	242	1
362	108	1
384	312	0
102	90	1
268	350	1
117	351	1
276	2	1
185	222	1
357	213	1
283	-29	1
78	218	1
358	195	1
110	345	1
350	316	1
200	236	0
103	127	1
359	10	1
292	244	0
231	7	1
207	54	1
61	370	1
255	228	0
332	338	0
88	132	1
263	356	1
313	103	1
70	363	1
367	293	1
245	104	1
412	229	1
126	347	1
194	64	1
324	326	0
253	378	1
355	167	1
236	58	1
58	314	1
249	148	1
378	213	1
370	351	0
180	39	1
346	-10	0
39	266	1
152	90	1
177	367	1
137	389	1
228	38	1
77	41	0
361	361	0
136	137	0
383	36	1
83	364	1
39	56	0
85	380	1
43	354	1
130	245	1
88	195	1
232	389	1
249	222	1
-13	27	0
251	385	1
241	278	0
16	223	1
135	316	1
406	86	1
202	151	1
36	142	0
158	292	1
134	292	1
254	215	1
389	64	1
141	349	1
81	365	1
181	308	1
51	364	1
312	23	1
166	315	1
360	28	1
31	120	0
329	138	0
152	142	0
51	247	1
129	293	1
233	351	1
248	288	0
56	172	1
296	234	1
128	167	1
348	191	1
304	100	1
56	35	0
89	385	1
276	15	1
361	170	1
188	67	1
346	328	0
132	149	0
391	332	0
-9	42	0
382	310	0
381	135	1
190	55	1
29	342	1
334	378	0
181	15	1
360	277	1
117	64	0
134	91	1
21	400	1
50	53	0
341	246	1
70	297	1
340	276	1
338	366	0
185	160	0
143	194	0
368	348	0
68	297	1
206	312	1
38	179	1
392	344	0
22	132	1
43	78	0
82	346	1
356	321	0
214	151	1
292	263	0
132	36	1
310	377	0
377	67	1
75	338	1
217	376	1
25	284	1
137	252	1
138	332	1
202	3	1
292	1	1
368	91	1
384	335	0
167	60	1
186	177	0
261	60	1
227	32	1
281	142	1
319	370	0
2	136	1
365	270	1
86	53	1
263	37	0
116	303	1
360	157	1
176	245	1
87	149	0
164	190	0
65	78	0
49	51	0
179	217	1
346	87	1
223	195	0
307	71	1
132	292	1
19	17	0
350	103	1
171	3	1
305	349	0
310	34	1
252	138	1
18	57	0
373	306	1
388	126	1
270	35	1
237	274	0
176	156	0
147	136	0
336	338	0
222	63	1
322	371	0
276	329	0
15	126	1
20	354	1
135	235	1
218	267	1
255	161	1
28	262	1
63	371	1
233	93	1
275	294	0
325	360	0
307	238	1
154	22	1
94	357	1
150	266	1
257	371	1
184	84	1
243	197	0
53	43	0
154	53	1
380	335	0
134	234	1
174	348	1
329	44	1
170	288	1
273	59	1
13	216	1
299	120	1
82	350	1
332	275	1
155	349	1
220	221	0
243	287	1
165	320	1
396	243	1
338	188	1
67	322	1
162	181	0
352	73	1
156	351	1
363	235	1
318	42	1
345	218	1
315	340	0
347	158	0
14	261	1
115	159	0
154	157	0
82	380	1
73	347	1
346	122	1
238	52	1
197	176	1
249	223	0
18	182	1
392	285	1
25	227	1
126	12	0
-15	88	0
332	121	1
317	31	1
148	235	1
188	358	1
134	335	1
65	144	1
298	240	0
340	224	1
352	234	1
209	318	1
292	158	1
75	167	1
331	159	1
359	344	0
232	347	1
111	50	1
56	339	1
326	46	1
367	382	0
228	273	0
95	334	1
38	350	0
32	155	1
249	81	1
104	74	0
53	140	1
136	132	0
41	135	1
62	186	1
336	33	1
295	31	1
373	296	0
281	162	1
318	274	0
168	176	0
233	324	1
145	239	1
398	71	1
124	55	1
50	157	1
35	185	1
346	71	1
10	132	1
262	250	0
78	147	1
91	33	0
150	91	0
130	368	1
27	116	1
149	351	1
218	51	1
329	-2	1
148	316	1
177	266	0
120	50	0
346	72	1
235	43	1
193	258	1
250	121	1
26	272	1
236	316	1
255	163	1
157	125	0
199	260	1
23	272	1
219	343	1
28	312	1
161	119	0
173	366	1
21	233	1
70	163	1
249	16	1
76	-25	0
247	13	1
37	164	1
224	363	0
86	210	1
416	124	1
173	165	0
298	399	1
156	31	1
50	-13	0
360	14	1
192	287	0
122	239	1
59	366	1
314	349	0
251	171	1
335	338	0
311	19	1
338	340	0
123	150	0
384	348	0
13	369	1
146	354	1
199	227	1
18	159	1
328	51	1
219	9	1
350	166	1
201	342	1
86	110	1
155	33	1
372	285	1
71	138	1
49	374	1
46	35	0
166	360	1
-2	109	0
16	311	1
38	373	1
237	27	1
233	285	1
19	332	1
355	355	0
241	358	1
105	255	1
203	65	1
155	151	0
61	146	1
131	230	1
144	10	1
218	188	0
133	136	0
327	-3	1
80	373	1
4	213	1
62	182	1
24	65	0
357	40	1
406	339	0
39	23	0
261	279	0
88	27	0
270	166	1
164	28	1
186	94	1
247	290	1
116	292	1
-6	217	1
154	375	1
333	140	1
228	139	1
288	152	1
336	150	1
373	60	1
330	55	1
63	247	1
55	320	1
50	76	0
7	346	1
352	419	0
31	99	0
260	132	1
228	304	0
56	51	0
37	407	1
275	356	1
208	34	1
341	95	1
302	181	1
30	98	0
217	195	1
277	97	1
110	95	1
28	185	1
171	232	1
363	153	1
172	204	1
40	345	1
60	230	1
162	225	1
259	301	1
409	233	1
109	349	1
22	61	0
400	152	1
76	363	1
45	275	1
100	197	1
233	138	1
392	225	0
88	319	1
144	191	0
252	40	1
192	327	1
256	322	1
286	200	1
216	152	1
36	344	1
224	126	1
299	208	1
217	217	0
368	291	1
205	211	0
122	126	0
139	230	1
100	367	1
359	158	1
140	146	0
82	379	1
29	39	0
116	279	1
342	375	0
208	335	1
263	33	1
115	204	1
250	333	1
270	23	0
229	61	1
40	47	0
266	350	1
106	226	1
156	181	1
28	178	1
131	327	1
31	121	1
260	51	1
369	44	1
65	277	1
120	250	1
80	114	1
392	254	1
203	350	1
157	1	0
368	288	1
128	111	0
271	213	0
147	258	1
147	198	1
-21	367	1
412	219	1
258	402	1
53	154	1
131	296	1
159	325	1
231	43	1
270	168	1
325	36	1
122	169	1
246	230	0
308	322	1
136	322	1
143	366	1
296	165	1
215	164	1
212	196	0
45	155	1
351	189	1
336	215	1
378	321	0
38	42	0
275	278	0
36	278	1
310	154	1
344	303	0
113	108	0
139	376	1
15	148	1
250	38	1
259	387	1
149	134	0
385	63	1
323	54	1
112	254	1
264	159	1
237	416	1
331	218	1
357	355	0
260	102	1
347	31	1
230	252	0
40	402	1
241	150	1
306	249	1
359	401	0
256	250	0
389	374	0
321	54	1
167	269	1
263	83	1
345	254	1
271	258	1
167	384	1
24	361	1
230	387	1
235	127	1
214	238	0
50	260	1
266	200	0
349	146	1
143	179	0
299	35	1
16	172	1
74	362	1
256	347	1
161	256	1
285	78	1
30	355	1
249	29	1
151	340	1
264	355	1
248	213	0
351	193	1
85	161	0
159	43	1
41	255	1
261	295	0
154	342	1
353	325	0
319	295	1
218	36	1
51	210	1
244	132	1
369	147	1
80	49	0
227	114	1
359	57	1
185	340	1
350	172	1
316	329	0
226	265	0
-8	6	0
281	275	0
77	350	1
7	235	1
261	137	1
363	92	1
232	341	1
240	177	1
233	123	1
33	273	1
244	-10	1
169	97	0
206	160	1
286	159	1
261	213	0
275	262	0
346	177	1
171	253	1
265	131	1
212	192	1
348	278	1
23	321	1
279	224	0
248	129	1
92	91	1
87	390	1
178	34	1
339	193	1
278	236	0
228	79	1
330	348	0
233	156	1
334	172	1
329	174	1
155	304	1
303	131	1
227	177	1
151	-17	1
61	361	1
-5	109	1
382	169	1
41	353	1
178	288	1
273	365	1
357	328	0
274	60	1
112	72	1
301	286	1
135	217	1
51	162	1
281	145	1
185	8	1
139	26	1
215	113	1
258	303	0
179	342	1
143	195	0
167	138	0
382	350	0
328	214	1
326	34	1
158	159	0
264	116	1
69	277	1
158	48	1
241	137	1
156	42	1
197	288	1
300	40	1
292	347	1
108	138	1
122	331	1
152	367	1
34	184	1
36	42	0
224	190	1
268	91	1
100	364	1
10	129	1
208	349	1
366	383	0
144	370	1
352	81	1
85	364	1
226	27	1
283	207	0
45	177	1
368	26	1
238	248	0
34	217	1
160	312	1
238	62	1
300	355	1
87	53	0
148	358	1
100	246	1
277	41	1
251	246	0
69	314	1
222	168	1
140	403	1
65	345	1
248	77	1
200	145	0
224	384	1
80	35	0
35	168	1
8	2	0
163	339	1
5	301	1
377	131	1
21	310	0
377	350	0
278	179	1
334	57	1
195	228	1
79	47	0
82	49	0
353	38	1
155	23	1
294	344	1
175	354	1
168	63	1
322	142	1
372	326	0
318	213	1
234	350	1
184	25	1
281	323	1
290	358	1
278	-9	1
169	229	1
11	334	1
209	117	1
370	144	1
248	296	1
55	122	1
227	75	1
115	144	0
219	144	1
152	349	1
59	168	1
154	117	0
127	84	0
56	175	1
267	294	0
213	98	1
400	378	0
121	147	0
276	241	0
353	392	0
52	49	0
211	121	1
243	324	1
93	84	1
137	62	1
249	63	1
374	378	0
-5	163	1
277	317	1
263	36	1
267	76	1
13	31	0
163	-5	1
262	328	1
209	60	1
367	240	1
180	369	1
150	372	1
181	50	1
225	388	1
343	241	1
88	251	1
355	201	1
242	45	1
136	174	0
114	302	1
200	387	1
148	33	1
390	288	1
171	314	1
145	152	1
5	354	1
352	-19	1
251	287	0
380	122	1
176	54	1
375	263	1
232	47	1
51	271	1
38	158	1
340	61	1
18	18	0
46	240	1
145	222	1
166	126	0
54	34	0
222	334	1
50	134	1
50	154	1
118	57	1
300	139	1
253	143	1
43	306	1
86	47	0
33	342	1
372	82	1
140	367	1
312	285	1
150	1	1
23	243	1
346	239	1
247	276	0
125	336	1
11	280	1
250	53	1
343	294	1
380	139	1
340	59	1
238	59	1
40	21	0
82	253	1
-7	348	1
240	305	1
56	7	0
196	56	1
50	363	1
104	190	1
336	362	0
385	231	1
252	114	1
-9	355	1
369	82	1
79	304	1
288	281	0
397	174	1
267	150	1
206	148	1
323	261	1
246	357	1
48	345	1
135	245	1
320	33	1
374	9	1
-9	79	0
327	82	1
293	255	0
237	53	1
-7	132	1
178	74	1
241	152	1
400	114	1
88	121	1
50	258	1
361	411	0
56	186	1
60	131	1
318	229	1
143	178	0
63	294	1
434	93	1
144	115	0
192	107	1
277	61	1
352	93	1
276	265	0
151	141	0
187	385	1
362	51	1
175	103	0
151	374	1
154	9	1
155	44	1
240	319	1
342	252	1
176	153	0
173	52	1
218	373	1
-11	58	0
248	237	0
58	68	0
42	235	1
316	83	1
131	348	1
178	8	1
116	64	1
33	41	0
236	220	0
319	103	1
7	117	0
49	234	1
413	143	1
269	343	1
175	353	1
40	386	1
113	101	0
290	102	1
234	52	1
342	136	1
28	144	1
230	345	1
7	200	1
230	352	1
204	228	1
151	44	1
238	50	1
127	41	1
348	153	1
61	359	1
107	279	1
191	47	1
39	257	1
254	69	1
170	165	0
335	261	1
168	298	1
222	88	1
157	357	1
277	322	1
52	24	0
274	393	1
162	356	1
305	181	1
366	183	1
27	177	1
239	261	0
305	40	1
44	120	0
351	376	0
257	19	1
-14	407	1
72	364	1
126	61	1
343	52	1
326	350	0
320	324	1
275	354	1
51	247	1
327	357	0
240	250	0
214	177	1
49	169	1
42	263	1
122	165	0
320	193	1
262	245	0
250	92	1
333	282	1
221	124	1
336	150	1
218	155	1
10	250	1
357	198	1
52	155	1
266	11	1
265	389	1
173	133	0
374	55	1
311	238	1
304	26	1
218	322	0
209	133	0
354	205	1
68	131	1
352	270	1
276	262	0
193	229	0
346	65	1
229	39	1
265	13	1
180	35	1
118	58	1
239	43	1
324	257	1
40	380	1
60	276	1
258	257	1
344	250	1
305	268	1
266	79	1
306	85	1
364	161	1
-11	268	1
74	143	1
232	172	1
52	70	0
285	346	1
48	43	0
50	314	1
320	252	1
42	347	1
338	263	1
217	32	1
124	-2	1
142	220	0
240	284	0
343	336	0
258	48	1
233	48	1
34	226	1
-6	162	1
313	265	1
54	386	1
132	150	0
222	30	1
186	108	1
89	298	1
350	193	1
321	104	1
50	171	1
193	245	1
172	359	1
89	396	1
179	78	1
259	369	1
205	338	1
325	408	0
345	254	1
49	243	1
98	136	0
344	266	1
61	52	0
33	358	1
143	72	1
91	364	1
68	156	1
160	356	1
62	183	1
399	234	1
134	45	1
321	246	0
186	419	1
156	288	1
134	388	1
183	332	1
70	84	0
266	225	0
372	331	0
69	64	0
333	154	1
257	270	0
367	73	1
166	265	1
180	51	1
50	358	1
245	161	1
275	130	1
128	77	1
272	217	0
293	329	1
361	387	0
150	172	0
169	278	1
138	337	1
166	261	1
265	78	1
53	54	0
105	136	0
314	228	1
164	234	1
112	129	0
78	337	1
372	300	1
306	264	0
226	228	1
63	150	1
233	250	0
346	320	0
253	284	0
208	202	0
17	285	1
14	12	0
349	142	1
373	-12	1
159	277	1
140	328	1
265	300	0
358	255	1
84	330	1
27	68	0
187	1	1
50	380	1
382	144	1
157	361	0
174	191	0
364	8	1
94	316	1
341	135	1
139	207	1
161	99	1
319	168	1
155	131	0
66	118	1
155	-1	1
202	238	0
98	138	0
218	-9	1
406	202	1
145	96	1
280	199	1
42	253	1
313	174	1
151	105	0
282	168	1
72	11	0
421	158	1
132	246	1
264	28	1
333	357	0
132	154	0
135	251	1
96	27	0
239	65	1
65	115	1
64	258	1
128	28	1
151	250	1
190	325	1
117	87	1
156	351	1
202	356	1
115	128	0
210	350	1
330	258	0
238	206	0
53	243	1
135	237	1
345	285	1
16	38	0
324	158	1
52	169	1
161	129	1
381	217	1
308	41	1
53	382	1
311	118	1
372	216	1
158	355	1
61	186	1
41	-17	0
337	199	1
317	312	0
270	26	1
203	332	1
147	283	1
362	216	1
289	123	1
133	251	1
116	148	0
158	204	0
164	242	0
256	41	1
267	175	1
49	121	1
74	51	0
82	292	1
49	116	1
73	390	1
301	266	0
288	345	1
210	232	0
237	239	0
47	362	1
43	268	1
352	36	1
260	70	1
50	239	1
240	287	0
244	166	0
29	326	0
402	379	0
92	357	1
299	226	1
60	22	0
154	388	1
253	24	1
-4	197	1
290	58	1
315	150	1
86	191	1
161	64	1
193	121	0
351	297	1
178	332	1
70	320	1
135	332	1
349	328	0
54	162	1
76	329	1
65	221	1
98	206	1
24	248	1
19	69	1
107	47	1
124	63	1
332	349	0
412	281	0
206	342	1
218	326	1
69	76	0
319	170	1
278	246	0
264	264	0
350	118	1
176	6	1
114	330	1
36	115	1
268	98	1
266	87	1
20	73	0
49	324	1
381	156	1
207	78	1
165	44	1
327	52	1
351	390	0
85	371	1
331	54	1
375	388	0
330	138	1
341	368	0
260	205	1
375	48	1
22	179	1
184	360	1
173	194	0
152	359	1
162	352	1
136	120	1
379	356	0
171	326	1
76	122	1
307	53	1
328	300	1
246	277	0
109	363	1
250	-2	1
43	432	1
49	63	0
144	157	0
69	293	1
49	126	1
35	357	1
32	96	0
125	48	1
159	128	0
203	31	1
123	387	1
50	116	0
87	55	0
111	254	1
243	306	1
141	66	1
372	80	1
81	414	1
155	367	1
235	345	1
137	119	0
381	184	1
26	126	1
28	57	0
224	396	1
217	182	0
154	340	1
127	349	1
150	31	1
373	146	1
149	350	1
52	181	1
160	186	1
39	207	1
107	52	1
125	108	0
344	373	0
139	334	1
294	259	0
34	369	1
360	222	1
217	354	1
247	255	0
354	166	1
113	146	1
42	338	1
223	32	1
174	150	0
59	341	1
134	177	0
21	284	1
66	371	1
195	288	1
185	250	1
235	329	1
137	335	1
194	334	1
327	68	1
50	-6	0
9	68	0
50	151	1
29	249	1
232	10	1
326	342	0
181	124	1
226	73	1
265	158	1
177	248	1
205	112	1
38	232	1
371	352	0
74	37	0
370	45	1
43	28	0
247	53	1
67	54	0
335	39	1
174	58	1
-21	402	1
420	240	1
59	357	1
223	241	0
199	183	1
161	104	0
62	82	0
199	97	1
149	294	1
320	179	1
36	72	0
389	98	1
213	121	1
263	79	1
354	324	0
367	204	1
68	277	1
233	257	0
234	227	0
307	376	1
188	318	1
375	290	1
10	116	1
50	258	1
21	259	1
125	354	1
199	213	0
46	314	1
166	170	1
69	213	1
374	293	1
81	69	1
251	57	1
2	336	1
371	82	1
231	140	1
54	271	1
253	57	0
34	250	1
347	290	1
110	35	0
93	129	0
95	253	1
149	272	1
227	35	1
149	420	1
354	354	0
57	347	1
283	178	1
65	267	1
145	266	1
344	226	1
16	145	1
291	250	0
167	350	1
85	251	1
354	241	1
226	34	1
52	107	0
93	380	1
386	121	1
331	346	0
268	320	1
45	288	1
215	341	1
127	59	1
116	78	1
143	336	1
71	255	1
221	79	1
156	207	0
55	150	1
192	238	1
273	261	0
182	38	1
138	184	0
168	74	1
198	160	1
365	188	1
268	228	0
49	23	0
256	33	1
47	29	0
386	192	1
237	305	1
338	348	0
69	204	1
363	283	1
2	184	1
134	238	1
56	69	0
251	179	1
161	290	1
347	265	1
211	363	1
133	72	1
20	-5	0
363	337	0
208	161	1
333	335	1
187	282	1
224	325	1
153	304	1
89	41	1
360	141	1
342	58	1
118	306	1
169	381	1
144	88	0
161	250	1
330	296	1
379	208	0
25	398	1
305	334	1
40	288	0
146	66	1
325	406	0
297	354	1
306	253	1
147	83	1
278	45	1
363	353	0
196	239	1
345	233	1
344	347	0
57	57	0
53	248	1
125	365	1
270	235	0
119	100	1
117	373	1
-16	365	1
225	235	0
77	51	0
89	17	0
237	164	1
67	11	0
143	155	0
189	281	1
381	380	0
267	328	1
24	123	0
241	135	1
166	202	1
210	143	1
283	236	0
19	124	1
80	229	1
37	288	1
247	256	0
103	124	1
243	180	1
161	367	1
244	368	1
249	218	0
182	259	0
253	156	1
107	284	1
263	207	1
93	323	1
7	247	1
140	363	1
248	111	1
350	362	0
230	140	1
272	44	1
396	72	1
63	209	1
158	61	1
360	51	1
149	178	0
246	53	1
187	357	1
331	172	0
53	311	1
107	48	0
267	22	1
355	30	1
322	138	0
95	170	0
49	171	1
204	127	0
218	332	1
130	280	1
170	269	1
341	382	0
71	313	1
55	245	1
173	260	1
88	123	1
328	170	1
143	305	1
19	217	1
306	296	0
350	43	1
366	37	1
20	297	1
360	393	0
66	69	0
50	61	0
259	349	1
168	148	0
145	318	1
175	40	1
250	97	1
57	240	1
251	59	1
310	266	1
129	262	0
372	133	1
127	231	1
112	22	1
89	27	0
260	31	1
344	241	1
18	348	1
261	235	0
51	21	0
368	58	1
369	40	1
89	182	1
350	134	1
396	64	1
325	179	1
57	154	1
398	348	1
91	80	1
15	173	1
255	320	1
245	26	1
333	23	1
236	191	1
76	331	1
114	246	1
276	176	1
53	212	1
163	355	1
-20	227	1
189	232	1
283	307	0
146	92	0
183	24	1
348	121	1
342	215	1
300	126	1
83	368	1
229	121	1
325	297	0
300	346	0
124	158	0
361	376	0
30	360	1
328	235	1
275	180	1
370	15	1
143	313	1
299	62	1
84	240	1
326	339	0
254	212	0
359	249	1
277	110	1
99	181	1
232	177	1
357	236	1
238	238	0
383	228	1
377	384	0
405	249	1
-4	366	1
270	87	1
250	89	1
169	185	1
162	120	0
183	249	1
236	353	1
83	364	1
375	10	1
344	366	0
365	292	1
157	250	1
254	374	1
21	249	1
264	230	0
260	373	1
23	208	1
99	74	1
231	265	0
28	-29	0
106	48	1
223	50	1
35	294	1
62	163	1
398	313	0
210	241	0
17	269	1
364	315	0
383	236	1
298	163	1
225	-2	1
123	375	1
227	110	1
100	32	0
384	28	1
61	134	1
388	314	0
348	36	1
69	298	1
319	395	0
78	349	1
237	248	0
-10	164	1
268	153	0
136	150	0
343	339	0
304	330	0
172	263	1
323	41	1
113	23	1
24	142	1
104	304	1
388	39	1
177	288	1
268	400	0
246	59	1
140	157	0
344	138	1
39	348	1
48	161	1
250	380	1
106	380	1
370	263	1
188	50	1
98	411	1
66	122	1
158	83	1
36	189	1
133	204	1
113	149	0
215	303	1
363	191	1
-2	82	1
203	341	1
53	55	0
315	111	1
34	58	0
385	387	0
282	157	1
361	131	1
146	304	1
161	125	0
53	49	0
0	34	0
167	383	1
137	204	1
353	186	1
101	66	1
373	339	0
290	355	0
241	112	1
169	355	1
160	141	0
256	82	1
168	381	1
65	250	1
326	99	1
210	216	0
111	243	1
133	232	1
-21	53	0
418	239	1
305	61	1
78	77	0
53	94	0
333	293	0
205	23	1
143	208	1
200	156	0
251	66	1
82	350	1
327	290	0
89	370	1
45	50	0
144	132	0
349	21	1
147	195	1
42	162	1
209	262	1
315	248	0
64	286	0
39	153	1
375	327	0
320	377	0
227	373	1
418	340	0
111	374	1
221	15	1
48	62	1
21	270	1
315	55	1
247	110	1
254	167	1
154	233	1
143	175	0
357	373	0
249	50	1
384	236	1
79	18	0
171	225	1
341	215	1
66	227	1
172	22	1
204	242	1
29	232	1
244	201	0
379	272	1
150	58	1
86	333	1
135	358	1
88	145	1
71	202	1
201	44	1
223	394	1
160	50	1
142	126	0
45	46	0
182	256	1
255	268	0
346	33	1
355	268	1
356	365	0
252	139	1
310	153	1
135	377	1
304	207	0
262	242	0
421	252	1
169	272	1
47	265	0
154	383	1
100	250	0
169	34	1
26	313	1
326	50	1
370	388	0
223	227	1
340	375	0
234	123	1
296	166	1
375	247	1
250	249	0
152	35	1
256	136	1
70	42	0
149	280	1
250	265	0
112	132	0
193	135	0
297	387	1
63	345	1
52	162	1
193	56	1
145	176	0
43	262	1
124	227	1
332	98	1
203	341	1
305	95	1
251	302	0
269	389	1
130	257	1
246	50	1
337	396	0
38	334	1
361	202	1
336	264	1
114	30	1
266	380	1
296	375	1
169	165	0
312	84	1
237	345	1
246	27	1
298	98	1
180	290	1
98	321	1
180	225	1
394	149	1
261	387	1
-17	281	1
318	65	1
128	49	1
274	105	1
234	225	0
258	379	1
199	407	1
147	325	1
342	349	0
373	364	0
337	334	0
42	278	1
25	261	1
234	219	1
253	250	0
159	349	1
90	182	1
119	267	1
216	227	1
265	335	1
148	88	1
116	370	1
133	418	1
153	253	1
325	110	1
87	252	1
186	311	1
284	259	0
66	326	1
191	250	1
28	164	1
334	327	0
226	346	1
49	30	0
175	298	1
238	350	1
165	270	1
329	61	1
272	379	1
222	222	0
162	172	0
130	125	1
112	142	0
50	279	1
345	121	1
113	49	1
171	60	1
251	142	1
270	244	0
358	352	0
356	353	0
377	53	1
343	251	1
307	228	1
345	175	1
268	109	1
368	10	1
271	108	1
327	217	1
253	148	1
324	15	1
334	364	0
179	284	1
241	67	1
110	276	1
77	270	1
179	374	1
318	276	1
370	255	1
318	55	1
87	234	1
223	416	1
340	89	1
72	185	1
179	224	1
393	205	1
386	310	1
141	254	1
69	150	1
171	75	1
166	124	0
203	336	1
370	361	0
365	252	1
160	222	1
71	157	1
351	119	1
59	350	1
267	263	0
53	332	1
154	142	0
437	73	1
59	56	1
280	59	1
381	267	1
320	201	1
189	240	0
229	334	1
236	282	0
142	392	1
80	100	1
172	88	0
74	374	1
79	361	1
318	157	1
345	139	1
55	140	1
237	161	1
79	400	1
396	142	1
14	347	1
340	248	1
251	210	1
265	-11	1
229	333	1
68	90	0
131	370	1
152	226	1
291	127	1
358	136	1
75	70	0
390	96	1
379	69	1
264	100	1
28	349	1
235	398	1
276	11	1
-15	79	0
402	132	1
323	117	1
394	343	0
378	356	0
101	47	0
42	33	0
265	354	1
67	250	1
13	362	1
250	381	1
396	140	1
250	3	1
260	246	0
112	35	1
151	360	1
167	358	1
245	320	1
375	181	1
326	314	0
153	38	1
38	-10	0
397	56	1
388	326	0
150	93	0
400	368	1
195	351	1
53	199	1
249	337	1
95	54	0
139	93	1
245	237	0
37	285	1
176	352	1
326	42	1
320	241	1
88	63	0
95	53	0
34	342	1
122	115	0
268	209	1
152	230	1
63	351	1
124	349	1
151	1	1
339	85	1
232	168	1
165	343	1
355	57	1
204	42	1
78	146	1
227	298	0
289	241	0
132	129	0
68	229	1
231	141	1
209	75	1
176	287	1
135	42	1
122	247	1
127	331	1
272	93	1
206	33	1
24	109	0
149	70	1
22	295	1
325	64	1
102	221	1
339	335	0
350	69	1
149	330	1
204	254	1
263	38	1
267	324	1
336	215	1
305	152	1
140	280	1
404	236	1
362	34	1
408	31	1
163	375	1
43	374	1
15	247	1
160	74	1
242	383	1
64	46	0
349	345	0
76	367	1
353	41	1
50	308	1
324	375	0
50	340	1
357	330	0
178	236	1
59	123	1
362	150	1
359	363	0
34	181	1
144	376	1
157	102	0
115	238	1
309	144	1
147	131	0
240	48	1
95	244	1
119	233	1
75	24	0
264	182	0
108	229	1
210	174	0
199	12	1
30	291	1
112	369	1
375	155	1
114	158	0
343	100	1
99	265	1
285	88	1
351	352	0
387	345	0
216	345	1
373	363	0
176	362	1
151	28	1
351	200	1
92	396	1
301	219	0
14	231	1
353	370	0
409	270	1
245	280	0
147	175	0
315	378	0
107	79	1
47	210	1
129	250	1
361	265	1
359	147	1
90	147	1
-9	363	1
63	251	1
157	347	1
367	339	0
271	283	0
230	132	1
99	259	1
258	190	0
134	255	1
112	232	1
357	155	1
84	167	1
157	250	1
365	117	1
242	241	0
405	242	1
4	138	1
68	53	0
202	372	1
153	221	1
390	159	1
245	232	0
345	340	0
43	268	1
159	128	0
48	52	0
437	53	1
169	72	1
69	50	0
335	102	1
253	202	1
375	114	1
314	242	1
134	347	1
139	86	0
257	292	0
242	348	1
223	85	1
-6	116	0
170	19	1
370	44	1
239	31	1
59	271	1
325	145	1
316	167	1
128	64	1
264	215	0
318	231	1
258	351	1
166	41	1
110	172	1
324	180	1
256	326	1
7	237	1
276	158	1
61	143	1
169	43	1
50	194	1
356	364	1
50	262	1
368	264	1
242	44	1
301	258	0
63	233	1
351	69	1
396	282	0
22	146	1
353	48	1
99	363	1
377	345	0
125	198	0
59	100	0
346	357	0
247	178	1
209	75	1
56	234	1
255	52	1
127	194	1
249	252	0
386	371	1
123	257	1
282	264	1
291	108	1
144	326	1
285	223	1
215	173	1
88	141	1
392	66	1
241	137	1
274	380	1
348	56	1
351	261	1
349	33	1
146	317	1
270	149	1
319	154	1
48	366	1
298	350	1
180	117	1
419	338	1
210	212	0
315	300	1
404	64	1
156	21	1
139	164	0
241	13	1
260	57	1
102	219	1
231	321	1
141	73	1
58	338	1
64	359	1
159	13	1
264	123	1
115	220	1
138	73	1
325	92	1
387	46	1
344	338	0
158	143	0
250	351	1
55	291	1
249	236	0
376	92	1
14	391	1
325	382	0
330	133	1
100	138	0
116	387	1
286	267	0
279	154	1
337	4	1
39	285	1
237	279	0
238	198	1
236	286	0
212	151	1
208	375	1
353	236	1
159	352	1
350	299	1
364	-1	0
143	349	1
49	326	1
234	332	1
291	257	0
191	66	1
291	168	1
144	61	1
83	396	1
31	75	0
115	70	1
345	298	1
318	96	1
160	321	1
348	344	0
146	253	1
229	175	1
284	169	1
231	181	1
138	314	1
268	150	1
159	178	0
178	252	1
375	42	1
356	384	0
138	120	0
191	184	0
50	180	1
276	269	0
88	189	1
285	350	1
341	171	1
251	297	1
250	369	1
165	-11	1
168	327	1
28	150	1
136	32	1
226	124	1
369	126	1
197	81	1
261	277	0
179	242	0
336	114	1
76	77	0
270	83	1
164	40	1
187	172	1
422	225	1
13	76	0
13	227	1
0	22	0
242	80	1
183	52	1
157	46	1
153	358	1
153	252	1
52	373	1
86	10	0
351	53	1
168	403	1
41	226	1
217	46	1
25	13	0
409	142	1
28	328	1
155	211	1
375	209	1
371	313	0
360	62	1
56	60	0
358	404	0
53	345	1
374	381	0
47	77	0
132	283	1
337	286	1
176	214	1
233	195	0
10	61	0
137	167	0
253	158	1
61	237	1
153	65	1
276	181	1
61	182	1
239	26	1
358	71	1
150	49	1
84	265	1
308	342	1
390	82	1
328	161	1
108	94	1
243	228	0
202	236	1
125	272	1
261	208	1
397	237	1
25	92	0
158	37	1
76	194	1
353	92	1
299	248	1
251	182	0
226	168	1
46	166	1
325	141	1
249	181	1
137	10	1
336	388	0
192	152	1
104	265	1
48	330	1
237	267	0
173	271	1
135	352	1
335	59	1
39	247	1
279	230	0
39	23	0
319	125	1
328	104	1
72	172	1
194	45	1
147	306	1
107	38	1
351	194	1
305	298	1
328	269	0
373	234	1
145	234	0
154	229	1
278	29	1
343	170	1
413	355	0
94	69	1
306	8	1
163	358	1
64	313	1
31	194	1
150	331	1
215	361	1
110	382	1
298	365	1
106	148	1
272	223	0
101	306	1
78	348	1
271	282	1
41	105	0
263	384	1
17	80	0
119	298	1
129	147	0
337	233	1
320	301	1
433	74	1
42	322	1
49	257	1
144	240	1
351	271	1
68	361	1
242	387	1
364	269	1
117	128	0
208	16	1
-21	135	1
269	3	1
214	-4	1
371	356	0
170	146	0
163	209	1
257	355	1
186	124	0
340	167	1
246	76	1
113	118	0
88	319	1
413	272	1
325	218	1
79	81	0
32	150	1
260	103	1
24	296	1
172	38	1
151	247	0
326	149	1
346	244	1
70	176	1
377	335	0
136	235	1
252	283	0
377	162	1
337	153	1
47	250	1
65	371	1
147	123	0
129	45	1
1	404	1
10	330	1
376	328	0
294	16	1
310	362	0
55	243	1
60	149	1
187	388	1
323	116	1
199	160	0
288	106	1
322	327	0
248	163	1
6	123	0
245	352	1
346	35	1
324	27	1
193	313	1
202	-3	1
277	397	1
33	297	1
154	22	1
133	158	0
45	254	1
319	112	1
278	143	1
345	335	0
136	319	1
215	111	0
70	274	1
350	157	1
238	257	0
73	324	1
51	330	1
181	281	1
163	148	0
318	226	1
50	245	1
196	50	1
356	229	1
167	398	1
227	341	1
357	177	1
238	257	0
31	246	1
220	348	1
72	11	0
257	117	1
43	8	0
75	181	1
307	150	1
174	233	1
276	253	0
266	241	0
194	372	1
27	277	1
41	239	1
210	39	1
252	301	1
222	340	1
90	233	1
293	165	1
423	149	1
159	251	1
274	68	1
76	-6	0
84	217	1
164	80	1
139	63	1
247	330	1
334	385	1
383	110	1
315	198	1
333	32	1
288	148	0
364	346	0
229	190	0
205	284	0
73	318	1
314	226	1
159	1	1
211	284	1
324	132	1
235	309	0
357	411	0
61	6	0
370	322	1
80	39	0
310	22	1
246	252	0
255	109	1
37	56	0
349	288	1
165	130	0
118	118	0
275	292	0
286	74	1
274	43	1
88	330	1
128	293	1
233	235	0
115	170	0
189	257	0
-12	339	1
255	158	1
339	79	1
361	346	1
3	116	1
164	24	1
139	314	1
174	245	1
221	45	1
59	76	0
50	234	1
372	355	0
74	141	0
312	80	1
29	430	1
164	128	0
192	365	1
343	135	1
54	183	1
271	79	1
348	206	1
378	358	0
141	337	1
50	282	1
53	337	1
241	91	1
218	252	0
169	321	1
376	332	0
76	296	1
139	171	0
265	66	1
163	270	1
54	114	0
76	59	0
256	311	1
167	241	1
220	25	1
197	287	1
346	139	1
215	144	1
271	81	1
374	244	1
196	245	0
282	359	1
377	340	0
385	121	1
194	257	1
12	365	1
154	70	1
261	391	1
355	368	0
23	324	1
182	310	1
72	333	1
144	228	1
198	272	1
175	266	1
346	412	0
338	276	1
394	312	1
257	154	1
101	333	1
321	149	1
318	370	0
287	215	0
156	292	1
239	12	1
86	137	1
144	379	1
73	310	1
405	397	1
403	144	1
222	216	0
293	127	1
177	337	1
336	239	1
238	248	0
268	247	1
39	390	1
380	306	1
128	97	0
290	379	1
88	261	1
150	37	1
269	393	1
131	268	1
137	370	1
231	261	0
383	273	1
140	39	1
382	50	1
195	116	0
292	195	0
184	336	1
234	294	0
44	271	1
39	104	1
76	31	0
151	161	0
354	193	1
283	335	0
326	250	1
249	372	1
206	2	1
164	164	0
168	230	1
170	-18	1
325	61	1
180	344	1
-8	339	1
41	45	0
4	179	1
169	82	1
195	373	1
353	240	1
331	175	1
23	271	1
196	266	0
169	19	1
50	360	1
324	103	1
277	82	1
194	116	1
144	369	1
37	313	1
355	201	1
194	230	1
306	215	1
14	124	1
343	255	1
65	260	1
292	114	1
231	1	1
152	277	1
131	301	1
406	329	0
142	370	1
146	83	0
70	323	1
243	-12	1
192	131	1
138	276	1
-8	197	1
39	292	1
325	347	0
25	124	1
175	8	1
143	246	1
329	89	1
27	272	1
138	175	0
241	390	1
38	245	1
79	211	1
261	192	1
-10	224	1
86	261	1
41	151	1
60	251	1
392	35	1
180	27	1
137	355	1
41	11	0
330	139	1
350	24	1
362	267	1
158	150	0
93	335	1
149	25	1
245	377	1
360	367	0
114	150	0
81	136	1
145	105	1
5	35	0
237	340	1
220	142	1
386	152	1
143	252	1
197	165	1
-6	192	1
85	163	1
376	350	0
379	263	1
57	70	0
321	360	0
151	375	1
269	50	1
401	210	1
341	19	1
45	39	0
268	349	1
168	313	1
127	345	1
115	293	1
331	268	1
150	354	1
157	131	0
118	330	1
316	340	0
312	15	1
87	257	1
272	28	1
445	240	1
337	290	1
297	94	1
281	280	0
193	290	1
68	228	1
151	110	0
238	378	1
298	143	1
168	244	0
359	148	1
166	246	1
174	25	1
218	189	1
235	279	0
373	340	0
260	182	0
159	44	1
28	155	1
382	236	1
234	38	1
256	91	1
270	78	1
38	363	1
334	150	1
263	162	1
257	154	1
348	170	1
249	305	1
156	257	1
65	90	0
234	235	0
158	269	1
65	68	0
228	260	0
240	363	1
333	162	1
241	171	1
255	191	1
22	42	0
128	1	1
381	64	0
426	381	0
49	220	1
239	230	0
340	289	1
277	36	1
240	229	0
41	354	1
372	85	1
141	285	1
356	340	0
157	303	1
63	152	1
365	150	1
183	250	1
273	374	1
241	163	1
232	115	1
326	42	1
394	159	1
326	198	1
357	329	0
46	350	1
276	195	0
411	188	1
73	377	1
176	39	1
314	186	1
356	135	1
32	208	1
15	74	0
219	150	1
105	162	0
227	187	0
335	28	1
79	151	1
290	129	1
110	331	1
125	302	1
58	283	1
309	73	1
231	334	1
241	119	1
33	146	1
85	317	1
262	77	1
210	56	1
98	76	0
243	400	1
269	330	1
381	50	1
37	21	0
309	97	1
344	151	1
123	290	1
215	252	1
345	342	0
380	166	1
285	198	0
131	179	0
301	15	1
255	27	1
400	129	1
40	90	1
151	336	1
34	320	1
147	107	0
93	315	1
211	21	1
50	256	1
250	38	1
119	91	0
181	-2	1
-11	87	1
250	333	1
350	226	1
251	338	1
255	355	1
131	354	1
105	367	1
247	389	1
158	226	1
78	55	1
17	122	1
311	342	0
128	400	1
278	319	1
193	247	1
286	242	1
238	262	0
363	172	1
399	364	0
388	368	0
370	131	1
355	38	1
297	235	1
358	137	1
151	54	1
257	180	1
14	53	0
155	275	1
177	235	1
87	129	0
123	150	0
246	130	1
113	330	1
389	254	1
330	342	0
133	213	0
92	23	0
335	262	1
266	144	1
165	322	1
71	223	1
188	88	0
158	339	1
308	124	1
67	30	0
340	312	0
176	247	1
388	106	1
377	266	0
163	215	1
196	390	1
53	259	1
124	298	1
35	245	1
44	136	1
227	246	0
337	267	1
367	179	1
260	192	1
163	373	1
155	54	1
161	-30	1
223	288	1
260	340	1
205	89	1
165	57	1
156	56	1
363	143	1
63	336	1
401	-9	1
293	116	1
339	16	1
249	131	1
39	167	1
78	66	0
351	358	0
128	173	0
169	184	1
255	340	1
138	329	1
23	172	1
375	233	1
225	239	0
310	373	0
368	-7	1
265	149	1
292	255	0
335	210	1
244	33	1
119	115	0
232	353	1
56	125	1
345	344	0
166	53	0
17	117	1
48	100	0
20	325	1
42	374	1
55	171	1
134	79	0
308	312	1
198	-18	1
290	212	0
350	284	1
333	10	1
376	335	0
254	170	1
50	249	1
341	167	1
269	43	1
392	173	1
171	150	0
353	36	1
349	72	1
180	147	0
227	249	0
341	331	1
375	201	1
207	250	0
44	20	0
251	182	1
207	-14	1
129	352	1
215	177	1
67	156	1
177	231	1
274	262	0
137	299	1
34	94	0
270	345	0
207	181	1
14	117	1
245	148	1
119	369	1
106	350	1
95	57	1
128	260	1
236	6	1
263	316	0
219	366	1
266	263	0
319	214	1
180	86	1
188	46	1
20	53	0
211	287	0
368	364	0
140	334	1
200	19	1
386	24	1
259	29	1
311	248	1
304	348	0
353	168	1
342	384	0
250	401	1
228	77	1
248	123	1
253	344	1
189	301	1
15	431	1
66	119	1
399	175	1
32	220	1
379	149	1
318	212	1
112	162	1
359	345	0
253	164	1
364	83	1
59	7	0
40	112	0
313	148	1
31	176	1
358	192	1
135	258	1
214	242	0
189	128	1
130	325	1
341	133	1
332	340	0
131	165	0
43	377	1
19	382	1
338	367	0
64	385	1
337	273	1
104	153	1
27	251	1
162	67	1
150	261	1
232	236	0
148	-24	1
169	249	1
49	169	1
124	50	0
167	199	0
241	64	1
171	114	0
321	107	1
205	258	0
18	111	1
261	44	1
286	247	0
131	53	1
46	304	1
333	53	1
343	237	1
49	118	1
340	275	1
104	315	1
114	156	0
330	143	0
402	47	1
35	55	0
38	138	1
243	366	1
20	23	0
129	60	1
30	195	1
68	282	1
102	180	1
318	82	1
182	134	1
23	352	1
265	197	1
307	9	1
127	120	0
142	175	0
90	240	1
366	41	1
141	366	1
257	126	1
89	150	0
294	164	0
44	35	0
38	57	0
246	258	0
322	340	0
244	69	1
381	49	1
321	70	1
366	364	0
63	218	1
26	174	1
59	298	1
199	112	0
338	372	0
31	88	0
177	208	0
17	315	1
130	232	1
295	204	1
124	251	1
351	373	0
55	134	0
-8	165	1
238	338	1
333	305	0
136	233	1
43	359	1
58	148	1
51	205	1
212	135	1
394	156	1
148	236	1
52	265	1
332	320	0
31	373	1
210	274	0
406	256	1
230	403	1
66	171	1
14	106	1
320	359	0
343	198	1
281	250	0
411	269	1
34	206	1
68	45	0
347	223	1
107	130	1
155	107	0
143	91	1
248	403	1
87	353	1
152	139	0
34	352	1
149	259	1
310	129	1
221	277	0
344	282	1
20	41	0
266	265	0
147	232	1
56	64	0
416	55	1
335	76	1
226	251	0
400	120	1
253	267	0
63	93	0
16	328	1
209	359	1
375	207	1
259	169	1
378	140	1
322	161	1
42	118	1
242	153	1
243	318	1
46	265	1
42	395	1
50	174	1
172	25	1
291	350	0
165	45	1
158	134	0
364	256	1
354	213	1
29	276	1
126	208	1
190	285	0
312	14	1
11	370	1
410	153	1
326	282	1
334	216	1
353	61	1
49	398	1
149	318	1
167	374	1
113	169	1
341	78	1
156	188	0
18	60	0
48	49	1
40	377	1
250	-1	1
118	334	1
15	383	1
162	173	1
151	322	1
-12	125	1
148	164	0
265	83	1
235	153	1
368	147	1
156	255	1
349	194	1
42	49	0
150	346	1
179	69	1
365	270	1
227	179	1
186	312	1
167	62	1
9	170	1
237	162	1
43	5	0
158	53	1
322	128	1
57	345	1
157	364	1
155	253	1
349	239	1
45	249	1
152	205	0
180	258	1
-12	141	1
256	337	1
332	285	1
267	233	0
27	250	1
130	66	1
353	33	1
26	37	0
255	14	1
2	185	1
236	132	1
222	345	1
352	72	1
363	129	1
92	64	1
54	410	1
186	334	1
122	349	1
417	332	0
255	-11	1
172	150	1
37	164	1
236	234	0
59	81	0
49	339	1
157	243	1
260	66	1
172	180	1
232	148	1
202	311	1
343	133	1
24	149	1
361	219	1
262	358	1
332	158	1
271	179	1
134	313	1
148	249	1
88	266	1
358	50	1
49	-4	0
250	151	1
120	245	1
168	170	0
298	251	0
294	335	0
249	304	0
324	173	1
252	151	1
113	162	1
42	282	1
158	188	1
154	350	1
378	120	1
400	142	1
49	349	1
350	290	1
329	334	0
59	267	1
147	36	1
232	154	1
367	296	1
-15	333	1
172	307	1
306	47	1
89	202	1
34	138	1
157	225	0
323	234	1
-22	36	0
309	37	1
268	32	1
167	58	0
371	73	1
8	332	1
155	291	1
134	154	0
68	83	0
295	387	0
399	48	1
169	254	1
384	262	1
221	284	0
234	147	1
324	23	1
92	222	1
338	40	1
256	87	1
62	152	1
104	77	1
188	23	1
344	178	1
99	63	1
365	130	1
20	120	1
312	64	1
322	182	1
129	24	1
41	109	1
138	76	1
-2	248	1
403	139	1
231	202	1
267	56	1
269	252	0
234	326	1
195	180	1
358	181	1
198	154	1
241	29	1
74	327	1
173	268	1
235	206	0
241	193	1
115	416	1
137	94	1
387	316	1
263	28	1
245	150	1
231	373	1
50	360	1
225	18	1
23	144	1
225	241	0
302	65	1
99	0	0
361	112	1
297	147	1
2	86	0
135	40	1
325	314	0
373	337	0
122	91	1
23	58	0
132	191	0
364	-5	1
354	392	0
334	126	1
6	332	1
27	134	1
365	94	1
172	150	0
261	184	1
192	92	1
360	118	1
289	139	1
269	275	0
63	130	1
118	377	1
32	384	1
337	136	1
57	-1	0
249	79	1
150	201	1
153	380	1
61	358	1
155	214	0
142	288	1
379	139	1
299	166	1
33	56	0
107	130	0
251	55	1
178	-10	1
266	133	1
136	309	1
227	29	1
364	116	1
278	27	1
133	157	0
373	84	1
109	224	1
111	305	1
182	309	0
366	273	1
343	243	1
220	250	0
39	87	0
283	374	1
269	97	1
233	370	1
405	283	1
135	77	1
37	158	1
237	140	1
360	137	1
382	45	1
34	398	1
257	225	0
239	147	1
404	242	1
345	342	0
196	315	1
152	336	1
397	63	1
379	392	0
36	289	1
189	163	1
276	322	1
125	267	1
275	253	0
49	67	0
190	219	0
78	212	1
372	258	1
264	312	0
32	144	1
38	354	1
310	220	1
16	280	1
255	316	1
362	223	1
169	264	1
349	384	0
268	23	1
149	375	1
105	345	1
208	172	1
192	324	1
386	45	1
298	307	0
46	285	1
351	327	0
340	39	1
346	156	1
118	61	1
245	379	1
38	250	1
258	370	0
193	188	0
269	121	1
358	135	1
83	257	1
397	157	1
171	220	1
247	45	1
5	313	1
407	243	1
215	335	1
128	375	0
78	61	0
333	355	0
161	335	1
270	132	1
111	145	0
7	250	1
291	315	1
153	321	1
267	157	1
361	346	0
325	25	1
12	218	1
360	252	1
143	180	0
250	328	1
341	340	0
356	144	1
314	91	1
267	255	0
29	189	1
291	350	0
39	230	1
65	231	1
8	210	1
158	16	1
237	152	0
295	134	1
146	196	0
243	130	1
135	335	1
269	183	1
332	129	1
348	252	1
43	299	1
305	259	0
69	261	1
20	268	1
209	279	0
361	311	0
247	196	1
319	22	1
151	239	1
136	119	0
238	143	1
108	280	1
321	160	1
125	283	1
17	75	0
15	172	1
366	210	1
130	390	1
366	105	1
223	32	1
139	155	0
338	389	0
152	124	0
77	407	1
171	356	1
314	115	1
344	131	1
346	146	1
77	132	1
350	73	1
325	111	1
81	268	1
283	129	1
316	362	0
223	139	1
250	160	1
95	148	0
260	-9	1
-13	329	1
185	176	0
4	228	1
353	341	0
363	36	1
325	187	1
149	140	0
75	115	1
254	283	0
303	354	0
91	336	1
227	10	1
300	64	1
157	119	0
138	82	0
22	146	1
42	237	1
245	219	0
35	-9	0
63	333	1
205	86	1
205	374	1
53	44	0
277	318	1
147	195	1
183	270	1
208	284	0
140	163	0
125	14	1
371	98	1
240	324	1
283	365	1
267	96	1
338	211	1
56	122	1
327	142	1
224	370	1
50	107	0
78	331	1
278	223	1
270	263	0
206	385	1
201	106	0
319	301	0
274	313	1
330	38	1
70	171	1
284	65	1
376	228	1
228	215	0
161	351	1
248	72	1
68	-5	0
256	202	0
208	44	1
168	407	1
350	425	0
144	35	0
234	37	1
28	56	0
142	120	0
170	46	1
156	295	1
67	341	1
269	339	1
153	95	0
55	37	1
56	145	1
40	22	1
17	334	1
19	359	1
81	201	1
154	357	1
367	69	1
301	380	1
359	357	0
345	52	1
266	124	1
256	153	1
60	149	1
248	324	1
37	320	1
226	61	1
190	353	1
196	256	0
164	64	1
266	106	1
308	129	1
342	342	0
272	19	1
132	120	0
271	338	1
362	48	1
20	278	1
410	261	1
132	259	1
65	92	1
124	138	0
275	354	0
144	197	0
306	336	0
118	68	1
74	103	1
209	202	0
376	52	1
312	348	0
352	362	0
282	246	0
348	46	1
165	167	0
174	162	1
212	378	1
342	126	1
212	347	0
339	339	0
133	133	0
17	46	0
148	224	1
67	280	1
169	264	1
155	375	1
104	355	1
-19	145	1
392	139	1
250	136	1
100	286	0
60	132	1
85	311	1
132	94	0
81	402	1
99	349	1
179	70	1
368	279	0
44	230	1
52	249	1
266	57	1
149	316	1
161	184	1
405	78	1
123	382	1
272	16	0
148	40	1
321	225	1
267	128	1
277	226	0
16	171	1
278	69	1
53	75	0
265	168	0
162	-3	1
256	229	0
350	208	1
274	360	1
241	271	0
68	227	1
256	72	1
314	37	1
334	232	1
181	56	1
207	148	0
268	72	1
262	302	1
368	143	1
329	49	1
89	130	1
129	5	1
85	364	1
154	396	1
391	163	1
389	269	1
247	107	1
32	386	1
134	335	1
376	120	1
230	381	1
198	352	1
215	143	1
419	182	1
40	337	1
423	394	0
293	398	1
230	225	1
346	256	0
136	189	0
27	248	1
257	163	1
1	154	1
79	331	1
137	161	0
129	83	1
83	350	0
259	183	1
183	342	1
233	51	1
257	98	1
345	85	1
55	174	1
221	373	1
347	154	1
227	34	1
254	25	1
338	311	0
376	350	1
41	381	1
261	194	1
258	61	1
149	85	1
166	220	1
352	174	1
167	60	1
65	179	1
222	122	1
234	271	1
365	195	1
52	50	0
330	197	1
310	163	1
306	26	1
81	275	1
320	380	0
263	149	1
368	349	0
155	230	1
346	252	1
292	223	0
215	130	1
374	399	0
398	127	1
290	235	0
179	256	1
186	242	1
81	187	1
18	384	0
60	255	1
79	87	0
293	181	1
286	398	1
45	43	0
324	109	1
194	247	1
405	335	0
272	211	0
33	237	1
37	328	1
-16	282	1
160	70	1
75	225	1
129	62	1
151	259	1
277	111	1
93	12	0
219	38	1
371	121	1
145	97	1
155	53	1
189	377	1
273	279	0
161	253	0
119	98	0
343	330	0
176	85	1
350	314	0
133	250	1
312	169	1
72	167	1
336	246	1
149	110	0
106	303	1
154	355	1
247	407	1
335	110	1
42	377	1
238	165	1
157	312	1
215	276	0
120	180	0
73	76	0
-30	264	1
380	284	0
49	162	1
268	41	1
153	91	1
100	362	1
300	184	1
70	348	1
146	350	1
51	318	1
336	372	0
413	338	0
222	396	1
38	201	1
350	246	1
67	76	0
202	153	0
171	352	1
370	103	1
237	249	0
55	56	0
380	322	0
51	151	1
298	96	1
183	367	1
321	231	1
378	17	1
346	122	1
50	330	1
335	237	1
382	230	1
249	197	1
337	343	0
269	44	1
222	38	1
351	325	0
101	213	1
399	147	1
263	27	0
378	246	1
71	171	1
324	116	1
248	257	0
130	279	1
227	319	1
292	362	1
136	139	0
355	181	1
265	124	1
243	114	1
380	223	1
149	50	1
247	204	0
320	227	1
38	307	1
227	90	1
382	305	0
231	105	1
323	349	0
138	203	1
17	177	1
16	50	0
50	38	0
69	141	1
127	344	1
272	246	0
331	250	1
138	118	0
188	228	1
50	243	1
30	154	1
365	361	0
360	214	1
35	58	0
284	249	0
82	336	1
339	142	1
311	369	0
338	258	1
260	69	1
65	253	1
179	39	1
247	70	1
325	342	0
175	186	1
329	352	0
112	200	1
232	145	1
208	392	1
257	262	0
129	44	1
381	214	1
305	247	0
87	370	1
221	262	0
53	406	1
327	-9	1
329	211	1
266	84	1
358	235	1
358	54	1
14	210	1
222	322	1
341	353	0
181	316	1
188	94	1
351	298	1
130	90	1
162	258	1
35	348	1
252	51	1
89	296	1
16	178	1
293	256	0
69	91	0
355	240	1
312	337	1
140	137	0
372	225	1
281	117	1
182	381	1
76	224	1
228	59	1
127	36	1
137	129	0
229	116	1
151	369	1
67	37	0
341	256	1
327	223	1
52	273	1
349	153	1
307	143	1
283	12	1
369	165	1
235	137	1
255	24	1
268	99	1
162	320	1
345	306	0
170	372	1
62	233	1
161	364	1
115	60	1
62	110	1
254	171	1
260	250	0
46	363	1
334	100	1
21	183	1
214	375	1
158	354	1
0	386	1
203	55	1
151	22	1
-11	396	1
158	246	1
318	268	0
6	184	1
154	418	1
133	374	1
155	169	0
350	377	0
351	400	0
82	76	0
49	159	1
320	382	0
153	179	0
160	27	1
406	41	1
200	354	1
339	146	1
29	153	1
250	16	1
137	255	1
117	333	1
337	147	1
90	351	1
323	179	1
141	244	1
417	66	1
45	314	0
160	39	1
388	52	1
53	275	1
343	209	1
372	335	0
62	336	1
67	222	1
60	250	1
44	261	1
337	171	1
353	380	0
178	217	1
240	105	1
217	80	1
415	161	1
370	124	1
84	144	1
37	192	1
113	145	0
247	370	1
133	52	1
77	325	1
139	168	0
240	331	1
346	153	1
46	379	1
337	98	1
149	228	1
325	351	0
159	339	1
44	285	0
325	49	1
369	71	1
153	74	1
154	63	1
127	59	1
322	122	1
94	34	1
58	250	1
149	338	1
262	260	0
362	18	1
85	270	1
170	151	0
249	251	0
53	51	0
29	98	1
182	146	0
207	343	1
331	286	1
301	99	1
265	-16	1
198	392	1
350	21	1
224	347	1
255	-12	1
264	346	0
347	169	1
66	84	0
233	123	1
281	264	1
392	347	0
323	81	1
362	266	0
238	349	1
264	251	0
65	362	1
251	105	1
90	194	1
383	30	1
26	329	1
378	117	1
374	130	1
258	371	1
320	322	0
141	386	1
257	109	1
28	411	1
369	343	0
284	193	1
310	350	0
236	191	1
389	241	1
50	347	1
145	4	1
108	330	1
70	140	1
296	200	0
35	50	0
155	61	1
126	243	1
122	399	1
360	351	0
67	301	1
242	204	1
263	259	0
347	67	1
117	49	1
147	226	1
262	333	1
144	257	1
321	226	0
346	187	1
240	348	1
274	354	1
149	348	1
278	387	1
180	369	1
216	349	1
232	33	1
100	313	1
156	50	1
282	272	1
156	350	1
177	350	1
260	59	1
139	325	1
297	155	1
301	287	1
132	226	1
163	182	0
307	379	0
235	206	1
162	368	1
77	121	1
125	150	0
265	37	1
336	157	1
76	168	1
234	304	0
185	120	0
315	252	1
57	38	0
286	155	1
60	28	0
162	387	1
383	19	1
398	144	1
173	237	1
210	26	1
92	13	0
48	334	1
143	61	1
34	132	1
252	154	1
243	253	0
240	94	1
234	341	1
306	373	0
323	224	1
72	272	1
153	334	1
197	148	1
54	241	1
342	304	1
217	289	0
51	272	1
387	87	1
53	392	1
264	256	0
144	150	0
132	61	1
261	368	1
398	218	1
56	218	1
365	187	1
218	216	0
75	259	1
246	165	1
12	76	1
253	65	1
288	231	0
250	55	1
179	111	0
99	310	1
360	37	1
56	117	1
147	142	0
279	81	1
362	81	1
267	361	1
227	365	1
222	161	1
161	250	1
356	143	1
350	198	1
137	121	0
63	223	1
383	234	1
77	100	0
101	283	1
344	187	1
391	357	0
83	427	1
258	123	1
368	171	1
132	71	1
345	121	1
270	140	1
23	191	1
286	163	1
327	49	1
259	370	1
347	42	1
291	220	1
88	152	1
102	306	1
93	-7	0
340	312	0
363	221	1
142	142	0
279	143	1
30	376	1
56	137	1
379	160	1
171	378	1
227	355	1
147	148	0
368	260	1
402	271	1
32	288	1
332	330	0
17	63	0
112	-2	1
167	80	1
314	164	1
175	319	1
366	38	1
402	157	1
343	142	1
351	354	0
256	38	1
134	327	1
241	99	1
156	355	1
50	154	1
231	160	1
249	248	0
349	135	1
134	56	1
12	350	1
347	128	1
4	37	0
23	94	1
28	345	1
-3	370	1
172	284	1
47	83	0
349	114	1
371	158	1
381	148	1
145	214	1
86	226	1
59	368	1
325	166	1
371	317	1
333	39	1
250	105	1
242	130	0
144	293	1
147	231	1
254	329	1
20	50	0
125	41	1
84	371	1
335	-36	1
238	30	1
224	247	0
221	332	1
54	19	0
114	67	1
378	391	0
175	255	1
76	368	1
